DowntimeID,ShiftID,MachineID,StartTime,EndTime,DowntimeCategoryID,DurationMinutes,Description
DOW-00001,SFT-00003,M103,06:48,07:03,8,15,
DOW-00002,SFT-00004,M104,08:40,08:55,7,15,
DOW-00003,SFT-00004,M104,07:15,08:15,3,60,
DOW-00004,SFT-00004,M104,06:22,07:07,15,45,
DOW-00005,SFT-00005,M105,08:44,09:44,2,60,
DOW-00006,SFT-00005,M105,08:26,08:36,8,10,
DOW-00007,SFT-00005,M105,10:01,10:21,12,20,
DOW-00008,SFT-00006,M106,07:21,07:51,9,30,
DOW-00009,SFT-00006,M106,06:12,06:42,15,30,
DOW-00010,SFT-00006,M106,09:59,10:44,13,45,
DOW-00011,SFT-00007,M107,11:29,11:49,7,20,
DOW-00012,SFT-00007,M107,07:09,07:29,3,20,
DOW-00013,SFT-00007,M107,06:53,07:03,8,10,
DOW-00014,SFT-00008,M201,07:38,08:23,4,45,
DOW-00015,SFT-00008,M201,12:10,12:25,1,15,
DOW-00016,SFT-00009,M202,07:18,07:38,3,20,
DOW-00017,SFT-00010,M203,09:32,09:42,4,10,
DOW-00018,SFT-00010,M203,11:03,11:48,9,45,
DOW-00019,SFT-00011,M204,10:25,10:45,7,20,
DOW-00020,SFT-00011,M204,11:36,12:36,3,60,
DOW-00021,SFT-00011,M204,08:21,09:06,7,45,
DOW-00022,SFT-00012,M205,11:52,12:12,4,20,
DOW-00023,SFT-00012,M205,12:43,13:03,11,20,
DOW-00024,SFT-00015,M302,09:49,09:54,15,5,
DOW-00025,SFT-00015,M302,06:28,06:38,14,10,
DOW-00026,SFT-00015,M302,12:38,13:38,7,60,
DOW-00027,SFT-00016,M303,09:23,09:28,5,5,
DOW-00028,SFT-00016,M303,11:39,12:09,14,30,
DOW-00029,SFT-00017,M304,07:40,08:00,4,20,
DOW-00030,SFT-00018,M305,07:50,08:35,4,45,
DOW-00031,SFT-00018,M305,10:26,10:46,14,20,
DOW-00032,SFT-00018,M305,06:09,06:54,3,45,
DOW-00033,SFT-00019,M101,16:28,17:28,9,60,
DOW-00034,SFT-00020,M102,17:42,17:52,8,10,
DOW-00035,SFT-00020,M102,14:32,15:02,14,30,
DOW-00036,SFT-00021,M103,16:47,16:57,8,10,
DOW-00037,SFT-00022,M104,16:44,17:14,11,30,
DOW-00038,SFT-00022,M104,17:36,17:51,5,15,
DOW-00039,SFT-00023,M105,15:56,16:26,2,30,
DOW-00040,SFT-00023,M105,20:38,20:48,12,10,
DOW-00041,SFT-00024,M106,18:54,19:04,14,10,
DOW-00042,SFT-00024,M106,19:30,20:00,1,30,
DOW-00043,SFT-00026,M201,19:22,19:37,1,15,
DOW-00044,SFT-00026,M201,19:35,20:20,4,45,
DOW-00045,SFT-00027,M202,18:36,18:41,4,5,
DOW-00046,SFT-00027,M202,14:18,14:28,2,10,
DOW-00047,SFT-00029,M204,20:30,21:30,2,60,
DOW-00048,SFT-00031,M206,18:27,18:32,14,5,
DOW-00049,SFT-00031,M206,15:15,16:00,5,45,
DOW-00050,SFT-00031,M206,17:43,17:48,9,5,
DOW-00051,SFT-00032,M301,20:06,20:36,5,30,
DOW-00052,SFT-00033,M302,15:43,16:13,3,30,
DOW-00053,SFT-00033,M302,15:59,16:19,6,20,
DOW-00054,SFT-00033,M302,20:53,20:58,6,5,
DOW-00055,SFT-00034,M303,19:59,20:14,15,15,
DOW-00056,SFT-00034,M303,15:03,15:23,7,20,
DOW-00057,SFT-00035,M304,17:34,18:04,10,30,
DOW-00058,SFT-00035,M304,20:00,20:30,12,30,
DOW-00059,SFT-00036,M305,20:44,20:59,1,15,
DOW-00060,SFT-00037,M101,01:46,02:46,3,60,
DOW-00061,SFT-00037,M101,23:06,23:21,14,15,
DOW-00062,SFT-00038,M102,03:50,04:50,2,60,
DOW-00063,SFT-00038,M102,00:38,01:08,10,30,
DOW-00064,SFT-00039,M103,01:09,01:24,5,15,
DOW-00065,SFT-00041,M105,02:51,03:11,11,20,
DOW-00066,SFT-00041,M105,00:29,00:49,14,20,
DOW-00067,SFT-00042,M106,02:34,03:34,2,60,
DOW-00068,SFT-00042,M106,04:02,04:47,6,45,
DOW-00069,SFT-00042,M106,23:54,00:39,7,45,
DOW-00070,SFT-00044,M201,23:50,00:05,14,15,
DOW-00071,SFT-00044,M201,00:50,01:10,5,20,
DOW-00072,SFT-00045,M202,00:31,01:01,6,30,
DOW-00073,SFT-00046,M203,22:36,22:56,11,20,
DOW-00074,SFT-00046,M203,01:49,02:19,2,30,
DOW-00075,SFT-00046,M203,01:08,01:38,8,30,
DOW-00076,SFT-00047,M204,02:55,03:40,4,45,
DOW-00077,SFT-00047,M204,23:33,23:53,7,20,
DOW-00078,SFT-00047,M204,03:25,04:25,8,60,
DOW-00079,SFT-00049,M206,00:26,00:31,3,5,
DOW-00080,SFT-00049,M206,23:44,00:29,11,45,
DOW-00081,SFT-00049,M206,00:42,00:57,6,15,
DOW-00082,SFT-00051,M302,22:19,22:39,11,20,
DOW-00083,SFT-00052,M303,03:01,03:06,2,5,
DOW-00084,SFT-00052,M303,02:01,02:11,4,10,
DOW-00085,SFT-00052,M303,23:48,00:48,13,60,
DOW-00086,SFT-00053,M304,00:51,01:06,1,15,
DOW-00087,SFT-00053,M304,03:48,04:08,11,20,
DOW-00088,SFT-00053,M304,23:57,00:17,10,20,
DOW-00089,SFT-00056,M102,11:07,11:52,1,45,
DOW-00090,SFT-00056,M102,10:51,11:01,8,10,
DOW-00091,SFT-00057,M103,11:57,12:57,13,60,
DOW-00092,SFT-00058,M104,10:33,10:43,12,10,
DOW-00093,SFT-00058,M104,10:20,11:20,3,60,
DOW-00094,SFT-00060,M106,10:42,10:52,8,10,
DOW-00095,SFT-00062,M201,12:58,13:08,7,10,
DOW-00096,SFT-00062,M201,06:54,07:24,5,30,
DOW-00097,SFT-00063,M202,07:27,07:32,6,5,
DOW-00098,SFT-00063,M202,09:55,10:55,10,60,
DOW-00099,SFT-00063,M202,11:29,12:14,3,45,
DOW-00100,SFT-00064,M203,11:30,12:30,13,60,
DOW-00101,SFT-00066,M205,10:18,10:33,7,15,
DOW-00102,SFT-00066,M205,11:57,12:57,1,60,
DOW-00103,SFT-00067,M206,11:22,11:52,10,30,
DOW-00104,SFT-00067,M206,07:43,08:43,13,60,
DOW-00105,SFT-00068,M301,11:04,11:49,5,45,
DOW-00106,SFT-00068,M301,06:07,06:12,8,5,
DOW-00107,SFT-00068,M301,10:06,10:16,1,10,
DOW-00108,SFT-00069,M302,06:06,06:11,15,5,
DOW-00109,SFT-00069,M302,12:14,12:59,1,45,
DOW-00110,SFT-00069,M302,11:23,11:38,4,15,
DOW-00111,SFT-00071,M304,11:02,11:17,1,15,
DOW-00112,SFT-00071,M304,07:15,07:20,9,5,
DOW-00113,SFT-00071,M304,12:57,13:27,5,30,
DOW-00114,SFT-00072,M305,06:03,06:13,3,10,
DOW-00115,SFT-00072,M305,09:41,09:56,11,15,
DOW-00116,SFT-00073,M101,17:31,17:36,10,5,
DOW-00117,SFT-00073,M101,15:27,15:47,7,20,
DOW-00118,SFT-00074,M102,17:22,17:27,6,5,
DOW-00119,SFT-00074,M102,20:58,21:08,11,10,
DOW-00120,SFT-00074,M102,18:33,18:48,13,15,
DOW-00121,SFT-00075,M103,20:15,21:00,4,45,
DOW-00122,SFT-00075,M103,15:00,15:10,1,10,
DOW-00123,SFT-00076,M104,14:58,15:43,8,45,
DOW-00124,SFT-00078,M106,19:10,19:40,14,30,
DOW-00125,SFT-00078,M106,17:44,17:49,7,5,
DOW-00126,SFT-00081,M202,17:20,17:40,10,20,
DOW-00127,SFT-00081,M202,15:43,16:03,11,20,
DOW-00128,SFT-00082,M203,16:38,17:23,3,45,
DOW-00129,SFT-00082,M203,20:44,20:49,4,5,
DOW-00130,SFT-00084,M205,15:39,15:49,11,10,
DOW-00131,SFT-00084,M205,14:55,15:10,3,15,
DOW-00132,SFT-00089,M304,16:49,17:49,7,60,
DOW-00133,SFT-00089,M304,18:15,18:45,12,30,
DOW-00134,SFT-00090,M305,20:13,20:58,15,45,
DOW-00135,SFT-00092,M102,03:45,03:55,4,10,
DOW-00136,SFT-00092,M102,04:09,04:39,8,30,
DOW-00137,SFT-00094,M104,02:41,03:11,9,30,
DOW-00138,SFT-00094,M104,04:49,05:49,7,60,
DOW-00139,SFT-00094,M104,04:06,05:06,9,60,
DOW-00140,SFT-00095,M105,01:35,01:55,12,20,
DOW-00141,SFT-00095,M105,00:48,01:33,13,45,
DOW-00142,SFT-00096,M106,01:10,01:30,10,20,
DOW-00143,SFT-00097,M107,04:52,04:57,11,5,
DOW-00144,SFT-00097,M107,23:25,23:55,2,30,
DOW-00145,SFT-00097,M107,01:17,01:37,9,20,
DOW-00146,SFT-00098,M201,04:53,05:23,2,30,
DOW-00147,SFT-00099,M202,04:53,05:23,5,30,
DOW-00148,SFT-00100,M203,03:16,03:36,12,20,
DOW-00149,SFT-00100,M203,22:43,22:48,4,5,
DOW-00150,SFT-00101,M204,23:50,00:35,14,45,
DOW-00151,SFT-00101,M204,01:24,01:44,3,20,
DOW-00152,SFT-00102,M205,22:00,22:45,10,45,
DOW-00153,SFT-00102,M205,23:06,23:51,10,45,
DOW-00154,SFT-00102,M205,03:13,03:43,14,30,
DOW-00155,SFT-00103,M206,00:59,01:44,12,45,
DOW-00156,SFT-00104,M301,00:54,01:39,14,45,
DOW-00157,SFT-00105,M302,04:28,04:43,13,15,
DOW-00158,SFT-00105,M302,22:58,23:28,12,30,
DOW-00159,SFT-00106,M303,23:20,23:30,9,10,
DOW-00160,SFT-00107,M304,23:34,23:49,15,15,
DOW-00161,SFT-00107,M304,00:23,01:08,1,45,
DOW-00162,SFT-00108,M305,01:47,02:17,10,30,
DOW-00163,SFT-00108,M305,00:50,01:10,12,20,
DOW-00164,SFT-00108,M305,23:12,23:17,14,5,
DOW-00165,SFT-00109,M101,10:22,10:32,10,10,
DOW-00166,SFT-00110,M102,11:24,12:09,4,45,
DOW-00167,SFT-00111,M103,07:46,08:01,12,15,
DOW-00168,SFT-00111,M103,06:20,06:25,13,5,
DOW-00169,SFT-00111,M103,09:01,09:11,12,10,
DOW-00170,SFT-00112,M104,09:30,09:50,6,20,
DOW-00171,SFT-00112,M104,09:15,09:30,2,15,
DOW-00172,SFT-00115,M107,11:17,11:47,12,30,
DOW-00173,SFT-00115,M107,06:10,06:40,10,30,
DOW-00174,SFT-00115,M107,07:34,07:54,3,20,
DOW-00175,SFT-00116,M201,08:12,08:27,10,15,
DOW-00176,SFT-00116,M201,12:50,12:55,9,5,
DOW-00177,SFT-00117,M202,08:06,09:06,8,60,
DOW-00178,SFT-00117,M202,09:37,10:07,5,30,
DOW-00179,SFT-00117,M202,10:03,10:23,14,20,
DOW-00180,SFT-00120,M205,07:40,07:45,4,5,
DOW-00181,SFT-00120,M205,11:46,12:46,2,60,
DOW-00182,SFT-00121,M206,08:59,09:19,5,20,
DOW-00183,SFT-00122,M301,06:56,07:26,4,30,
DOW-00184,SFT-00122,M301,09:55,10:15,11,20,
DOW-00185,SFT-00122,M301,11:06,11:16,10,10,
DOW-00186,SFT-00123,M302,09:50,10:05,9,15,
DOW-00187,SFT-00125,M304,09:02,09:22,13,20,
DOW-00188,SFT-00125,M304,10:02,10:12,8,10,
DOW-00189,SFT-00125,M304,11:33,12:18,8,45,
DOW-00190,SFT-00126,M305,07:44,07:54,14,10,
DOW-00191,SFT-00126,M305,07:30,08:30,5,60,
DOW-00192,SFT-00128,M102,17:03,17:18,1,15,
DOW-00193,SFT-00130,M104,14:05,14:20,7,15,
DOW-00194,SFT-00131,M105,20:06,20:16,15,10,
DOW-00195,SFT-00131,M105,18:10,18:25,15,15,
DOW-00196,SFT-00131,M105,16:18,17:03,1,45,
DOW-00197,SFT-00132,M106,17:09,17:39,2,30,
DOW-00198,SFT-00132,M106,19:20,20:05,7,45,
DOW-00199,SFT-00133,M107,17:53,18:13,15,20,
DOW-00200,SFT-00136,M203,17:52,18:52,14,60,
DOW-00201,SFT-00136,M203,14:12,14:27,4,15,
DOW-00202,SFT-00136,M203,17:33,18:33,7,60,
DOW-00203,SFT-00137,M204,14:30,15:00,11,30,
DOW-00204,SFT-00137,M204,18:23,19:08,1,45,
DOW-00205,SFT-00137,M204,16:27,16:47,9,20,
DOW-00206,SFT-00138,M205,16:33,17:03,3,30,
DOW-00207,SFT-00138,M205,18:37,18:57,7,20,
DOW-00208,SFT-00138,M205,20:05,21:05,11,60,
DOW-00209,SFT-00139,M206,20:45,21:05,12,20,
DOW-00210,SFT-00141,M302,20:47,20:52,6,5,
DOW-00211,SFT-00142,M303,14:59,15:14,9,15,
DOW-00212,SFT-00142,M303,16:57,17:57,1,60,
DOW-00213,SFT-00142,M303,14:46,15:16,7,30,
DOW-00214,SFT-00143,M304,17:50,18:35,4,45,
DOW-00215,SFT-00144,M305,17:41,18:26,3,45,
DOW-00216,SFT-00144,M305,15:40,16:10,15,30,
DOW-00217,SFT-00146,M102,03:54,04:54,9,60,
DOW-00218,SFT-00147,M103,22:42,23:42,1,60,
DOW-00219,SFT-00147,M103,01:59,02:14,9,15,
DOW-00220,SFT-00147,M103,04:29,04:59,7,30,
DOW-00221,SFT-00148,M104,01:41,02:11,11,30,
DOW-00222,SFT-00149,M105,02:33,03:33,11,60,
DOW-00223,SFT-00149,M105,02:45,03:15,1,30,
DOW-00224,SFT-00149,M105,04:33,04:48,4,15,
DOW-00225,SFT-00150,M106,04:08,05:08,12,60,
DOW-00226,SFT-00150,M106,03:50,03:55,1,5,
DOW-00227,SFT-00153,M202,04:30,04:35,13,5,
DOW-00228,SFT-00154,M203,22:21,22:41,7,20,
DOW-00229,SFT-00154,M203,02:20,02:40,5,20,
DOW-00230,SFT-00154,M203,22:00,22:20,6,20,
DOW-00231,SFT-00156,M205,01:07,01:52,12,45,
DOW-00232,SFT-00156,M205,01:00,02:00,3,60,
DOW-00233,SFT-00156,M205,01:22,01:37,12,15,
DOW-00234,SFT-00157,M206,22:57,23:57,3,60,
DOW-00235,SFT-00157,M206,02:24,03:09,4,45,
DOW-00236,SFT-00159,M302,22:50,22:55,2,5,
DOW-00237,SFT-00159,M302,04:21,05:06,11,45,
DOW-00238,SFT-00161,M304,00:17,00:22,7,5,
DOW-00239,SFT-00161,M304,01:06,01:51,11,45,
DOW-00240,SFT-00162,M305,02:55,03:15,6,20,
DOW-00241,SFT-00162,M305,03:45,04:05,7,20,
DOW-00242,SFT-00162,M305,04:54,05:14,2,20,
DOW-00243,SFT-00163,M101,07:59,08:19,5,20,
DOW-00244,SFT-00163,M101,10:20,11:05,8,45,
DOW-00245,SFT-00165,M103,06:19,07:04,10,45,
DOW-00246,SFT-00168,M106,09:53,10:23,10,30,
DOW-00247,SFT-00168,M106,12:39,13:09,13,30,
DOW-00248,SFT-00168,M106,06:45,06:55,9,10,
DOW-00249,SFT-00169,M107,07:28,07:58,14,30,
DOW-00250,SFT-00169,M107,10:52,10:57,11,5,
DOW-00251,SFT-00170,M201,10:52,11:52,13,60,
DOW-00252,SFT-00170,M201,09:05,10:05,5,60,
DOW-00253,SFT-00172,M203,06:49,07:09,2,20,
DOW-00254,SFT-00173,M204,12:50,13:50,5,60,
DOW-00255,SFT-00173,M204,11:43,11:58,15,15,
DOW-00256,SFT-00173,M204,08:21,09:06,13,45,
DOW-00257,SFT-00174,M205,07:27,08:12,13,45,
DOW-00258,SFT-00174,M205,06:22,06:27,11,5,
DOW-00259,SFT-00175,M206,06:09,07:09,14,60,
DOW-00260,SFT-00175,M206,11:34,12:04,3,30,
DOW-00261,SFT-00176,M301,07:02,08:02,8,60,
DOW-00262,SFT-00176,M301,06:39,07:39,5,60,
DOW-00263,SFT-00176,M301,08:47,09:47,6,60,
DOW-00264,SFT-00177,M302,09:40,10:00,5,20,
DOW-00265,SFT-00177,M302,12:44,13:14,2,30,
DOW-00266,SFT-00178,M303,12:06,12:36,7,30,
DOW-00267,SFT-00178,M303,06:42,07:02,14,20,
DOW-00268,SFT-00180,M305,09:38,09:53,13,15,
DOW-00269,SFT-00181,M101,19:09,19:14,3,5,
DOW-00270,SFT-00182,M102,19:55,20:10,8,15,
DOW-00271,SFT-00182,M102,14:31,14:36,11,5,
DOW-00272,SFT-00182,M102,15:31,15:41,8,10,
DOW-00273,SFT-00183,M103,17:02,17:12,12,10,
DOW-00274,SFT-00183,M103,20:08,20:23,10,15,
DOW-00275,SFT-00184,M104,16:55,17:15,7,20,
DOW-00276,SFT-00185,M105,14:10,14:55,13,45,
DOW-00277,SFT-00185,M105,16:14,16:59,10,45,
DOW-00278,SFT-00185,M105,14:51,14:56,14,5,
DOW-00279,SFT-00186,M106,20:38,20:43,8,5,
DOW-00280,SFT-00188,M201,20:14,21:14,13,60,
DOW-00281,SFT-00188,M201,16:12,16:17,15,5,
DOW-00282,SFT-00188,M201,18:20,18:50,11,30,
DOW-00283,SFT-00189,M202,16:21,17:06,1,45,
DOW-00284,SFT-00189,M202,16:01,16:21,15,20,
DOW-00285,SFT-00189,M202,20:04,20:34,12,30,
DOW-00286,SFT-00190,M203,19:27,19:37,15,10,
DOW-00287,SFT-00190,M203,20:20,20:25,13,5,
DOW-00288,SFT-00191,M204,15:14,15:34,14,20,
DOW-00289,SFT-00191,M204,15:03,15:08,7,5,
DOW-00290,SFT-00191,M204,18:38,19:38,1,60,
DOW-00291,SFT-00193,M206,14:23,15:23,15,60,
DOW-00292,SFT-00193,M206,20:41,21:01,15,20,
DOW-00293,SFT-00194,M301,17:18,17:33,5,15,
DOW-00294,SFT-00194,M301,16:58,17:28,13,30,
DOW-00295,SFT-00194,M301,17:39,17:54,2,15,
DOW-00296,SFT-00195,M302,19:50,19:55,1,5,
DOW-00297,SFT-00195,M302,18:52,18:57,2,5,
DOW-00298,SFT-00195,M302,15:39,15:44,7,5,
DOW-00299,SFT-00196,M303,20:45,21:30,6,45,
DOW-00300,SFT-00196,M303,15:56,16:01,9,5,
DOW-00301,SFT-00197,M304,18:31,18:46,8,15,
DOW-00302,SFT-00197,M304,14:12,14:32,14,20,
DOW-00303,SFT-00197,M304,20:28,20:48,9,20,
DOW-00304,SFT-00198,M305,16:21,16:31,8,10,
DOW-00305,SFT-00198,M305,14:07,14:17,2,10,
DOW-00306,SFT-00200,M102,04:09,04:19,14,10,
DOW-00307,SFT-00201,M103,00:43,00:53,2,10,
DOW-00308,SFT-00201,M103,22:54,23:14,13,20,
DOW-00309,SFT-00201,M103,00:23,00:33,9,10,
DOW-00310,SFT-00202,M104,03:02,03:12,12,10,
DOW-00311,SFT-00202,M104,02:58,03:58,13,60,
DOW-00312,SFT-00202,M104,03:22,03:37,12,15,
DOW-00313,SFT-00203,M105,00:25,00:45,14,20,
DOW-00314,SFT-00204,M106,03:04,03:24,9,20,
DOW-00315,SFT-00205,M107,02:58,03:28,11,30,
DOW-00316,SFT-00205,M107,23:58,00:13,12,15,
DOW-00317,SFT-00206,M201,00:14,00:24,11,10,
DOW-00318,SFT-00206,M201,01:32,01:42,13,10,
DOW-00319,SFT-00207,M202,22:40,23:25,5,45,
DOW-00320,SFT-00208,M203,02:11,02:56,13,45,
DOW-00321,SFT-00211,M206,02:37,03:37,2,60,
DOW-00322,SFT-00211,M206,04:18,04:23,3,5,
DOW-00323,SFT-00211,M206,02:19,02:39,9,20,
DOW-00324,SFT-00212,M301,00:19,00:49,4,30,
DOW-00325,SFT-00213,M302,02:13,02:28,13,15,
DOW-00326,SFT-00213,M302,23:03,23:13,3,10,
DOW-00327,SFT-00214,M303,22:42,23:02,11,20,
DOW-00328,SFT-00214,M303,04:16,05:16,1,60,
DOW-00329,SFT-00214,M303,02:08,02:53,2,45,
DOW-00330,SFT-00215,M304,03:14,03:44,8,30,
DOW-00331,SFT-00216,M305,00:20,00:50,1,30,
DOW-00332,SFT-00217,M101,10:56,11:56,1,60,
DOW-00333,SFT-00218,M102,12:51,13:11,5,20,
DOW-00334,SFT-00218,M102,11:38,11:43,12,5,
DOW-00335,SFT-00218,M102,10:25,11:10,10,45,
DOW-00336,SFT-00219,M103,11:23,11:38,11,15,
DOW-00337,SFT-00220,M104,11:51,12:11,9,20,
DOW-00338,SFT-00220,M104,09:28,09:48,10,20,
DOW-00339,SFT-00221,M105,10:18,10:23,9,5,
DOW-00340,SFT-00221,M105,10:58,11:28,10,30,
DOW-00341,SFT-00221,M105,08:18,08:28,5,10,
DOW-00342,SFT-00222,M106,07:21,08:21,2,60,
DOW-00343,SFT-00224,M201,11:11,11:56,14,45,
DOW-00344,SFT-00224,M201,08:45,08:50,5,5,
DOW-00345,SFT-00225,M202,07:19,07:39,4,20,
DOW-00346,SFT-00225,M202,11:03,11:48,15,45,
DOW-00347,SFT-00225,M202,12:52,13:52,15,60,
DOW-00348,SFT-00226,M203,08:22,09:07,14,45,
DOW-00349,SFT-00226,M203,09:38,09:53,5,15,
DOW-00350,SFT-00226,M203,09:53,10:23,2,30,
DOW-00351,SFT-00227,M204,07:02,07:47,12,45,
DOW-00352,SFT-00228,M205,12:07,12:27,4,20,
DOW-00353,SFT-00229,M206,09:53,10:38,5,45,
DOW-00354,SFT-00229,M206,07:27,07:42,3,15,
DOW-00355,SFT-00229,M206,11:12,12:12,9,60,
DOW-00356,SFT-00230,M301,06:29,07:29,8,60,
DOW-00357,SFT-00232,M303,08:39,09:09,15,30,
DOW-00358,SFT-00232,M303,10:36,11:21,3,45,
DOW-00359,SFT-00232,M303,06:49,07:34,9,45,
DOW-00360,SFT-00233,M304,11:26,12:26,5,60,
DOW-00361,SFT-00233,M304,07:05,08:05,12,60,
DOW-00362,SFT-00233,M304,09:41,10:26,14,45,
DOW-00363,SFT-00234,M305,11:28,11:38,11,10,
DOW-00364,SFT-00235,M101,14:31,14:41,10,10,
DOW-00365,SFT-00236,M102,17:50,17:55,3,5,
DOW-00366,SFT-00237,M103,17:13,17:28,7,15,
DOW-00367,SFT-00237,M103,19:19,20:19,3,60,
DOW-00368,SFT-00237,M103,17:33,18:33,6,60,
DOW-00369,SFT-00238,M104,17:52,18:52,10,60,
DOW-00370,SFT-00239,M105,18:47,19:07,9,20,
DOW-00371,SFT-00239,M105,19:20,20:20,1,60,
DOW-00372,SFT-00242,M201,16:36,16:51,3,15,
DOW-00373,SFT-00242,M201,19:20,19:35,8,15,
DOW-00374,SFT-00242,M201,19:42,20:27,9,45,
DOW-00375,SFT-00244,M203,19:17,20:02,9,45,
DOW-00376,SFT-00246,M205,20:34,20:44,5,10,
DOW-00377,SFT-00246,M205,19:13,19:43,13,30,
DOW-00378,SFT-00247,M206,18:37,18:47,7,10,
DOW-00379,SFT-00249,M302,16:01,16:46,11,45,
DOW-00380,SFT-00251,M304,14:18,14:23,12,5,
DOW-00381,SFT-00251,M304,16:29,17:29,13,60,
DOW-00382,SFT-00251,M304,16:45,16:50,15,5,
DOW-00383,SFT-00252,M305,17:09,17:14,8,5,
DOW-00384,SFT-00252,M305,14:18,15:18,2,60,
DOW-00385,SFT-00253,M101,03:53,04:08,10,15,
DOW-00386,SFT-00253,M101,22:45,22:55,2,10,
DOW-00387,SFT-00253,M101,23:29,23:59,8,30,
DOW-00388,SFT-00254,M102,00:22,00:27,3,5,
DOW-00389,SFT-00255,M103,03:58,04:13,13,15,
DOW-00390,SFT-00255,M103,04:14,04:59,10,45,
DOW-00391,SFT-00255,M103,01:14,01:29,15,15,
DOW-00392,SFT-00256,M104,01:49,01:59,15,10,
DOW-00393,SFT-00257,M105,01:04,01:24,7,20,
DOW-00394,SFT-00257,M105,00:44,01:44,7,60,
DOW-00395,SFT-00258,M106,22:38,23:23,12,45,
DOW-00396,SFT-00258,M106,23:55,00:10,15,15,
DOW-00397,SFT-00259,M107,00:47,01:02,9,15,
DOW-00398,SFT-00259,M107,01:15,01:20,12,5,
DOW-00399,SFT-00260,M201,23:19,00:19,8,60,
DOW-00400,SFT-00260,M201,23:58,00:13,3,15,
DOW-00401,SFT-00260,M201,01:15,02:00,6,45,
DOW-00402,SFT-00262,M203,01:51,01:56,4,5,
DOW-00403,SFT-00262,M203,03:23,03:43,9,20,
DOW-00404,SFT-00263,M204,02:56,03:06,13,10,
DOW-00405,SFT-00263,M204,23:16,23:21,6,5,
DOW-00406,SFT-00263,M204,02:07,02:12,7,5,
DOW-00407,SFT-00265,M206,01:10,01:25,14,15,
DOW-00408,SFT-00265,M206,02:35,02:45,6,10,
DOW-00409,SFT-00265,M206,23:11,00:11,11,60,
DOW-00410,SFT-00266,M301,23:34,00:34,9,60,
DOW-00411,SFT-00266,M301,02:20,02:50,10,30,
DOW-00412,SFT-00266,M301,02:43,02:48,2,5,
DOW-00413,SFT-00267,M302,23:18,00:03,4,45,
DOW-00414,SFT-00267,M302,03:00,03:20,12,20,
DOW-00415,SFT-00268,M303,22:06,23:06,15,60,
DOW-00416,SFT-00268,M303,01:44,01:54,8,10,
DOW-00417,SFT-00269,M304,02:26,03:26,15,60,
DOW-00418,SFT-00269,M304,01:10,01:30,2,20,
DOW-00419,SFT-00269,M304,00:40,01:10,10,30,
DOW-00420,SFT-00272,M102,08:13,09:13,1,60,
DOW-00421,SFT-00273,M103,09:11,09:56,5,45,
DOW-00422,SFT-00274,M104,06:29,06:39,10,10,
DOW-00423,SFT-00274,M104,10:45,11:05,13,20,
DOW-00424,SFT-00276,M106,08:53,08:58,7,5,
DOW-00425,SFT-00277,M107,06:19,07:04,3,45,
DOW-00426,SFT-00278,M201,11:41,11:56,12,15,
DOW-00427,SFT-00279,M202,06:51,07:01,14,10,
DOW-00428,SFT-00279,M202,09:19,09:34,10,15,
DOW-00429,SFT-00279,M202,09:05,09:15,15,10,
DOW-00430,SFT-00280,M203,08:41,08:51,11,10,
DOW-00431,SFT-00281,M204,06:15,06:45,10,30,
DOW-00432,SFT-00281,M204,07:52,08:07,8,15,
DOW-00433,SFT-00281,M204,08:49,08:59,2,10,
DOW-00434,SFT-00282,M205,07:25,07:45,1,20,
DOW-00435,SFT-00282,M205,06:18,06:33,11,15,
DOW-00436,SFT-00282,M205,09:20,10:05,2,45,
DOW-00437,SFT-00283,M206,08:01,09:01,13,60,
DOW-00438,SFT-00284,M301,11:01,11:11,5,10,
DOW-00439,SFT-00284,M301,11:09,11:24,3,15,
DOW-00440,SFT-00284,M301,11:01,11:46,12,45,
DOW-00441,SFT-00286,M303,07:33,07:38,4,5,
DOW-00442,SFT-00286,M303,07:32,08:17,4,45,
DOW-00443,SFT-00286,M303,06:06,06:21,6,15,
DOW-00444,SFT-00288,M305,11:28,11:43,12,15,
DOW-00445,SFT-00288,M305,12:37,13:07,14,30,
DOW-00446,SFT-00292,M104,15:45,16:45,8,60,
DOW-00447,SFT-00293,M105,19:22,19:27,13,5,
DOW-00448,SFT-00293,M105,17:45,18:30,2,45,
DOW-00449,SFT-00294,M106,17:31,17:46,13,15,
DOW-00450,SFT-00295,M107,18:46,19:31,8,45,
DOW-00451,SFT-00295,M107,16:23,16:33,7,10,
DOW-00452,SFT-00296,M201,18:57,19:07,10,10,
DOW-00453,SFT-00296,M201,16:18,16:38,13,20,
DOW-00454,SFT-00296,M201,14:49,15:34,12,45,
DOW-00455,SFT-00297,M202,17:08,17:38,4,30,
DOW-00456,SFT-00297,M202,18:15,18:25,8,10,
DOW-00457,SFT-00298,M203,17:59,18:59,5,60,
DOW-00458,SFT-00298,M203,17:15,17:45,13,30,
DOW-00459,SFT-00300,M205,20:10,20:20,15,10,
DOW-00460,SFT-00300,M205,14:11,14:26,13,15,
DOW-00461,SFT-00301,M206,14:41,15:41,1,60,
DOW-00462,SFT-00302,M301,16:04,16:14,7,10,
DOW-00463,SFT-00303,M302,14:10,14:55,4,45,
DOW-00464,SFT-00303,M302,17:10,17:20,13,10,
DOW-00465,SFT-00303,M302,18:58,19:08,12,10,
DOW-00466,SFT-00304,M303,15:03,16:03,10,60,
DOW-00467,SFT-00304,M303,16:11,16:31,12,20,
DOW-00468,SFT-00305,M304,17:07,17:37,15,30,
DOW-00469,SFT-00306,M305,20:58,21:58,5,60,
DOW-00470,SFT-00307,M101,22:10,22:40,4,30,
DOW-00471,SFT-00307,M101,04:32,05:02,15,30,
DOW-00472,SFT-00308,M102,00:20,01:05,9,45,
DOW-00473,SFT-00308,M102,03:36,04:36,15,60,
DOW-00474,SFT-00310,M104,02:17,03:02,15,45,
DOW-00475,SFT-00310,M104,03:36,04:21,2,45,
DOW-00476,SFT-00311,M105,04:45,05:45,2,60,
DOW-00477,SFT-00311,M105,00:05,01:05,7,60,
DOW-00478,SFT-00311,M105,02:59,03:59,11,60,
DOW-00479,SFT-00315,M202,01:34,02:19,9,45,
DOW-00480,SFT-00315,M202,03:47,03:52,6,5,
DOW-00481,SFT-00315,M202,23:40,00:40,5,60,
DOW-00482,SFT-00316,M203,23:19,00:04,8,45,
DOW-00483,SFT-00316,M203,04:04,04:34,15,30,
DOW-00484,SFT-00316,M203,01:45,02:00,3,15,
DOW-00485,SFT-00319,M206,23:40,00:00,5,20,
DOW-00486,SFT-00319,M206,02:37,02:47,4,10,
DOW-00487,SFT-00319,M206,22:48,22:53,14,5,
DOW-00488,SFT-00320,M301,01:48,01:53,14,5,
DOW-00489,SFT-00320,M301,01:55,02:05,1,10,
DOW-00490,SFT-00321,M302,23:47,23:57,6,10,
DOW-00491,SFT-00321,M302,01:00,02:00,3,60,
DOW-00492,SFT-00322,M303,23:22,23:27,15,5,
DOW-00493,SFT-00322,M303,00:32,01:32,2,60,
DOW-00494,SFT-00323,M304,23:28,23:43,2,15,
DOW-00495,SFT-00323,M304,03:20,03:25,3,5,
DOW-00496,SFT-00324,M305,03:44,04:29,2,45,
DOW-00497,SFT-00326,M102,10:58,11:08,3,10,
DOW-00498,SFT-00326,M102,07:16,07:21,5,5,
DOW-00499,SFT-00326,M102,10:56,11:06,15,10,
DOW-00500,SFT-00327,M103,12:47,13:17,14,30,
DOW-00501,SFT-00327,M103,06:08,07:08,3,60,
DOW-00502,SFT-00328,M104,10:34,11:19,6,45,
DOW-00503,SFT-00328,M104,11:03,12:03,2,60,
DOW-00504,SFT-00328,M104,06:47,07:47,9,60,
DOW-00505,SFT-00330,M106,10:31,11:01,7,30,
DOW-00506,SFT-00331,M107,08:17,08:22,13,5,
DOW-00507,SFT-00332,M201,11:14,11:29,14,15,
DOW-00508,SFT-00332,M201,07:05,07:50,13,45,
DOW-00509,SFT-00332,M201,10:39,11:39,5,60,
DOW-00510,SFT-00333,M202,12:29,12:59,13,30,
DOW-00511,SFT-00334,M203,10:23,10:33,13,10,
DOW-00512,SFT-00336,M205,08:20,08:35,14,15,
DOW-00513,SFT-00336,M205,07:06,07:21,15,15,
DOW-00514,SFT-00336,M205,12:47,13:17,7,30,
DOW-00515,SFT-00337,M206,11:41,12:01,14,20,
DOW-00516,SFT-00337,M206,12:27,12:32,12,5,
DOW-00517,SFT-00339,M302,10:44,11:04,5,20,
DOW-00518,SFT-00339,M302,08:49,09:49,1,60,
DOW-00519,SFT-00339,M302,07:08,07:53,4,45,
DOW-00520,SFT-00340,M303,12:16,12:46,1,30,
DOW-00521,SFT-00340,M303,06:21,06:26,11,5,
DOW-00522,SFT-00341,M304,12:49,13:34,12,45,
DOW-00523,SFT-00341,M304,11:33,11:38,9,5,
DOW-00524,SFT-00341,M304,09:56,10:56,14,60,
DOW-00525,SFT-00342,M305,11:35,11:50,4,15,
DOW-00526,SFT-00342,M305,11:36,12:06,15,30,
DOW-00527,SFT-00342,M305,11:03,11:33,14,30,
DOW-00528,SFT-00343,M101,19:41,20:41,3,60,
DOW-00529,SFT-00344,M102,17:39,17:44,4,5,
DOW-00530,SFT-00344,M102,20:27,20:32,2,5,
DOW-00531,SFT-00345,M103,17:57,18:17,3,20,
DOW-00532,SFT-00347,M105,14:39,15:24,5,45,
DOW-00533,SFT-00347,M105,19:25,20:25,6,60,
DOW-00534,SFT-00347,M105,16:28,16:48,15,20,
DOW-00535,SFT-00348,M106,19:39,19:49,2,10,
DOW-00536,SFT-00348,M106,14:09,14:29,15,20,
DOW-00537,SFT-00348,M106,19:33,19:53,10,20,
DOW-00538,SFT-00350,M201,18:30,19:00,12,30,
DOW-00539,SFT-00350,M201,16:50,17:00,5,10,
DOW-00540,SFT-00350,M201,14:45,15:30,4,45,
DOW-00541,SFT-00351,M202,15:30,16:00,11,30,
DOW-00542,SFT-00351,M202,16:28,16:48,2,20,
DOW-00543,SFT-00352,M203,20:10,21:10,13,60,
DOW-00544,SFT-00353,M204,18:44,19:04,11,20,
DOW-00545,SFT-00354,M205,15:22,15:42,9,20,
DOW-00546,SFT-00355,M206,19:44,19:54,13,10,
DOW-00547,SFT-00356,M301,19:36,20:21,7,45,
DOW-00548,SFT-00356,M301,18:18,18:28,3,10,
DOW-00549,SFT-00357,M302,16:34,16:39,3,5,
DOW-00550,SFT-00358,M303,19:02,19:47,2,45,
DOW-00551,SFT-00359,M304,16:35,17:35,8,60,
DOW-00552,SFT-00359,M304,16:06,17:06,12,60,
DOW-00553,SFT-00360,M305,16:52,17:02,14,10,
DOW-00554,SFT-00360,M305,20:42,21:02,11,20,
DOW-00555,SFT-00360,M305,15:18,16:03,10,45,
DOW-00556,SFT-00361,M101,22:22,22:27,9,5,
DOW-00557,SFT-00363,M103,02:08,02:38,4,30,
DOW-00558,SFT-00363,M103,01:17,01:37,14,20,
DOW-00559,SFT-00363,M103,03:58,04:13,7,15,
DOW-00560,SFT-00364,M104,02:34,03:04,7,30,
DOW-00561,SFT-00364,M104,01:03,02:03,2,60,
DOW-00562,SFT-00364,M104,22:22,23:07,13,45,
DOW-00563,SFT-00365,M105,23:49,00:49,8,60,
DOW-00564,SFT-00365,M105,01:14,01:29,1,15,
DOW-00565,SFT-00365,M105,23:29,00:29,14,60,
DOW-00566,SFT-00366,M106,23:59,00:29,7,30,
DOW-00567,SFT-00366,M106,00:36,00:56,9,20,
DOW-00568,SFT-00366,M106,00:53,01:53,9,60,
DOW-00569,SFT-00367,M107,01:32,01:47,5,15,
DOW-00570,SFT-00368,M201,01:14,02:14,12,60,
DOW-00571,SFT-00368,M201,23:25,23:45,12,20,
DOW-00572,SFT-00369,M202,04:13,04:18,6,5,
DOW-00573,SFT-00369,M202,23:34,00:34,5,60,
DOW-00574,SFT-00371,M204,00:57,01:02,2,5,
DOW-00575,SFT-00371,M204,02:57,03:07,5,10,
DOW-00576,SFT-00371,M204,23:00,23:45,8,45,
DOW-00577,SFT-00372,M205,01:56,02:11,8,15,
DOW-00578,SFT-00374,M301,01:39,02:09,2,30,
DOW-00579,SFT-00375,M302,01:58,02:28,10,30,
DOW-00580,SFT-00375,M302,00:01,01:01,1,60,
DOW-00581,SFT-00375,M302,22:52,23:02,10,10,
DOW-00582,SFT-00377,M304,02:21,02:31,15,10,
DOW-00583,SFT-00377,M304,04:46,05:01,3,15,
DOW-00584,SFT-00377,M304,00:54,01:54,4,60,
DOW-00585,SFT-00378,M305,22:29,22:59,14,30,
DOW-00586,SFT-00378,M305,03:40,03:50,3,10,
DOW-00587,SFT-00379,M101,10:17,10:27,3,10,
DOW-00588,SFT-00380,M102,11:39,11:59,15,20,
DOW-00589,SFT-00381,M103,09:49,10:34,4,45,
DOW-00590,SFT-00382,M104,08:18,09:18,10,60,
DOW-00591,SFT-00383,M105,09:41,10:41,12,60,
DOW-00592,SFT-00383,M105,07:39,07:49,11,10,
DOW-00593,SFT-00384,M106,11:25,11:30,12,5,
DOW-00594,SFT-00384,M106,12:38,12:48,13,10,
DOW-00595,SFT-00384,M106,06:08,07:08,14,60,
DOW-00596,SFT-00385,M107,12:55,13:40,13,45,
DOW-00597,SFT-00385,M107,09:11,09:31,2,20,
DOW-00598,SFT-00385,M107,09:32,09:37,13,5,
DOW-00599,SFT-00386,M201,06:00,07:00,4,60,
DOW-00600,SFT-00386,M201,07:37,07:57,7,20,
DOW-00601,SFT-00387,M202,09:31,09:46,11,15,
DOW-00602,SFT-00387,M202,12:41,13:11,14,30,
DOW-00603,SFT-00387,M202,10:44,11:14,14,30,
DOW-00604,SFT-00388,M203,07:33,08:18,2,45,
DOW-00605,SFT-00389,M204,11:27,11:32,7,5,
DOW-00606,SFT-00390,M205,11:22,11:27,10,5,
DOW-00607,SFT-00392,M301,06:21,06:41,10,20,
DOW-00608,SFT-00392,M301,11:49,12:09,15,20,
DOW-00609,SFT-00393,M302,09:17,09:27,10,10,
DOW-00610,SFT-00394,M303,06:05,06:20,11,15,
DOW-00611,SFT-00394,M303,10:36,11:06,12,30,
DOW-00612,SFT-00395,M304,10:31,10:46,4,15,
DOW-00613,SFT-00396,M305,08:53,09:23,8,30,
DOW-00614,SFT-00397,M101,18:20,19:05,3,45,
DOW-00615,SFT-00399,M103,19:12,19:42,8,30,
DOW-00616,SFT-00401,M105,17:00,17:10,8,10,
DOW-00617,SFT-00403,M107,20:59,21:29,14,30,
DOW-00618,SFT-00403,M107,16:54,17:04,12,10,
DOW-00619,SFT-00403,M107,17:07,17:12,8,5,
DOW-00620,SFT-00405,M202,18:04,19:04,3,60,
DOW-00621,SFT-00405,M202,16:28,17:13,4,45,
DOW-00622,SFT-00406,M203,20:04,20:24,5,20,
DOW-00623,SFT-00406,M203,17:38,17:48,11,10,
DOW-00624,SFT-00406,M203,17:53,17:58,2,5,
DOW-00625,SFT-00407,M204,17:46,17:56,14,10,
DOW-00626,SFT-00408,M205,17:55,18:05,14,10,
DOW-00627,SFT-00408,M205,17:51,18:21,15,30,
DOW-00628,SFT-00408,M205,18:58,19:28,3,30,
DOW-00629,SFT-00409,M206,20:41,21:41,7,60,
DOW-00630,SFT-00410,M301,14:05,14:10,10,5,
DOW-00631,SFT-00411,M302,16:13,16:33,10,20,
DOW-00632,SFT-00411,M302,18:07,18:27,7,20,
DOW-00633,SFT-00411,M302,16:58,17:43,8,45,
DOW-00634,SFT-00412,M303,18:20,18:35,6,15,
DOW-00635,SFT-00413,M304,17:40,18:10,13,30,
DOW-00636,SFT-00413,M304,19:12,19:42,2,30,
DOW-00637,SFT-00414,M305,16:36,16:51,10,15,
DOW-00638,SFT-00414,M305,16:38,17:08,15,30,
DOW-00639,SFT-00416,M102,04:44,05:04,1,20,
DOW-00640,SFT-00418,M104,02:29,03:29,11,60,
DOW-00641,SFT-00418,M104,22:47,23:02,3,15,
DOW-00642,SFT-00419,M105,23:57,00:42,13,45,
DOW-00643,SFT-00419,M105,04:29,05:14,2,45,
DOW-00644,SFT-00419,M105,03:41,04:41,3,60,
DOW-00645,SFT-00420,M106,01:05,01:10,10,5,
DOW-00646,SFT-00422,M201,00:35,01:05,3,30,
DOW-00647,SFT-00422,M201,00:45,01:45,14,60,
DOW-00648,SFT-00422,M201,04:26,05:11,11,45,
DOW-00649,SFT-00427,M206,22:46,23:01,11,15,
DOW-00650,SFT-00428,M301,22:38,22:53,11,15,
DOW-00651,SFT-00428,M301,00:48,00:58,1,10,
DOW-00652,SFT-00430,M303,22:04,23:04,14,60,
DOW-00653,SFT-00430,M303,02:23,02:28,8,5,
DOW-00654,SFT-00430,M303,01:16,01:26,12,10,
DOW-00655,SFT-00432,M305,00:18,01:03,12,45,
DOW-00656,SFT-00432,M305,02:34,02:49,5,15,
DOW-00657,SFT-00433,M101,10:30,11:30,7,60,
DOW-00658,SFT-00433,M101,07:14,07:44,4,30,
DOW-00659,SFT-00434,M102,12:20,12:35,10,15,
DOW-00660,SFT-00435,M103,08:15,08:35,11,20,
DOW-00661,SFT-00435,M103,07:51,08:06,12,15,
DOW-00662,SFT-00436,M104,07:57,08:07,8,10,
DOW-00663,SFT-00437,M105,08:34,09:19,8,45,
DOW-00664,SFT-00437,M105,07:26,08:11,14,45,
DOW-00665,SFT-00438,M106,07:34,07:39,2,5,
DOW-00666,SFT-00438,M106,11:55,12:55,13,60,
DOW-00667,SFT-00440,M201,09:08,09:13,13,5,
DOW-00668,SFT-00440,M201,12:22,12:32,8,10,
DOW-00669,SFT-00441,M202,11:08,11:23,12,15,
DOW-00670,SFT-00441,M202,12:56,13:11,3,15,
DOW-00671,SFT-00441,M202,11:43,11:53,4,10,
DOW-00672,SFT-00442,M203,06:24,06:29,12,5,
DOW-00673,SFT-00443,M204,11:43,12:03,13,20,
DOW-00674,SFT-00443,M204,10:29,10:59,9,30,
DOW-00675,SFT-00445,M206,08:52,09:07,1,15,
DOW-00676,SFT-00447,M302,11:37,11:47,6,10,
DOW-00677,SFT-00448,M303,07:51,08:11,13,20,
DOW-00678,SFT-00448,M303,12:37,13:07,4,30,
DOW-00679,SFT-00448,M303,10:59,11:59,11,60,
DOW-00680,SFT-00449,M304,11:04,11:49,10,45,
DOW-00681,SFT-00449,M304,12:21,13:21,12,60,
DOW-00682,SFT-00449,M304,08:02,08:47,7,45,
DOW-00683,SFT-00450,M305,08:33,08:38,11,5,
DOW-00684,SFT-00450,M305,07:47,08:32,1,45,
DOW-00685,SFT-00450,M305,09:10,09:40,6,30,
DOW-00686,SFT-00451,M101,19:31,19:46,7,15,
DOW-00687,SFT-00452,M102,18:20,18:40,10,20,
DOW-00688,SFT-00452,M102,19:08,19:28,9,20,
DOW-00689,SFT-00452,M102,17:02,17:22,5,20,
DOW-00690,SFT-00453,M103,14:32,15:02,3,30,
DOW-00691,SFT-00453,M103,18:10,18:40,8,30,
DOW-00692,SFT-00453,M103,17:40,17:45,7,5,
DOW-00693,SFT-00454,M104,15:44,16:29,5,45,
DOW-00694,SFT-00454,M104,20:20,21:05,10,45,
DOW-00695,SFT-00454,M104,20:50,21:20,14,30,
DOW-00696,SFT-00457,M107,17:31,17:46,6,15,
DOW-00697,SFT-00457,M107,16:52,17:02,4,10,
DOW-00698,SFT-00457,M107,14:32,14:37,10,5,
DOW-00699,SFT-00458,M201,20:04,20:24,9,20,
DOW-00700,SFT-00458,M201,18:37,19:07,10,30,
DOW-00701,SFT-00458,M201,15:31,15:36,15,5,
DOW-00702,SFT-00460,M203,14:58,15:18,15,20,
DOW-00703,SFT-00462,M205,16:46,17:06,7,20,
DOW-00704,SFT-00462,M205,15:12,15:27,2,15,
DOW-00705,SFT-00463,M206,18:02,18:17,11,15,
DOW-00706,SFT-00463,M206,17:14,17:44,4,30,
DOW-00707,SFT-00463,M206,14:04,14:14,11,10,
DOW-00708,SFT-00465,M302,17:55,18:00,6,5,
DOW-00709,SFT-00465,M302,18:14,18:59,12,45,
DOW-00710,SFT-00465,M302,14:01,14:31,12,30,
DOW-00711,SFT-00466,M303,14:54,15:14,8,20,
DOW-00712,SFT-00466,M303,20:51,21:51,9,60,
DOW-00713,SFT-00467,M304,16:31,16:41,12,10,
DOW-00714,SFT-00467,M304,18:18,18:48,14,30,
DOW-00715,SFT-00467,M304,19:19,19:34,6,15,
DOW-00716,SFT-00469,M101,04:19,05:04,7,45,
DOW-00717,SFT-00470,M102,00:36,00:41,12,5,
DOW-00718,SFT-00471,M103,23:20,00:05,2,45,
DOW-00719,SFT-00471,M103,04:51,05:11,15,20,
DOW-00720,SFT-00472,M104,23:11,23:16,7,5,
DOW-00721,SFT-00472,M104,01:52,02:07,6,15,
DOW-00722,SFT-00472,M104,02:25,02:45,6,20,
DOW-00723,SFT-00476,M201,04:21,04:51,13,30,
DOW-00724,SFT-00476,M201,00:10,00:55,6,45,
DOW-00725,SFT-00477,M202,22:41,22:56,2,15,
DOW-00726,SFT-00477,M202,03:12,03:22,2,10,
DOW-00727,SFT-00478,M203,04:34,05:34,9,60,
DOW-00728,SFT-00479,M204,01:55,02:10,8,15,
DOW-00729,SFT-00480,M205,03:23,04:23,6,60,
DOW-00730,SFT-00480,M205,23:24,23:44,12,20,
DOW-00731,SFT-00481,M206,01:36,01:41,4,5,
DOW-00732,SFT-00482,M301,03:49,04:09,6,20,
DOW-00733,SFT-00482,M301,02:32,02:42,7,10,
DOW-00734,SFT-00483,M302,00:37,00:52,12,15,
DOW-00735,SFT-00483,M302,02:20,02:40,5,20,
DOW-00736,SFT-00484,M303,04:15,04:25,2,10,
DOW-00737,SFT-00484,M303,02:41,03:01,10,20,
DOW-00738,SFT-00485,M304,23:26,23:31,10,5,
DOW-00739,SFT-00485,M304,01:48,02:08,4,20,
DOW-00740,SFT-00485,M304,03:45,04:05,4,20,
DOW-00741,SFT-00487,M101,10:18,10:48,6,30,
DOW-00742,SFT-00487,M101,06:45,07:00,3,15,
DOW-00743,SFT-00487,M101,08:16,08:36,2,20,
DOW-00744,SFT-00488,M102,11:50,12:00,12,10,
DOW-00745,SFT-00489,M103,07:53,08:03,9,10,
DOW-00746,SFT-00489,M103,10:32,11:02,13,30,
DOW-00747,SFT-00491,M105,07:51,08:21,2,30,
DOW-00748,SFT-00491,M105,06:19,07:04,11,45,
DOW-00749,SFT-00493,M107,10:23,10:53,11,30,
DOW-00750,SFT-00493,M107,07:56,08:41,7,45,
DOW-00751,SFT-00494,M201,11:42,12:42,7,60,
DOW-00752,SFT-00494,M201,09:36,10:06,9,30,
DOW-00753,SFT-00494,M201,09:04,09:19,3,15,
DOW-00754,SFT-00496,M203,10:04,10:09,10,5,
DOW-00755,SFT-00496,M203,10:19,10:24,9,5,
DOW-00756,SFT-00498,M205,09:44,10:29,12,45,
DOW-00757,SFT-00498,M205,09:09,09:54,4,45,
DOW-00758,SFT-00501,M302,09:07,09:22,8,15,
DOW-00759,SFT-00502,M303,11:01,12:01,3,60,
DOW-00760,SFT-00504,M305,09:13,09:23,6,10,
DOW-00761,SFT-00504,M305,11:02,11:07,10,5,
DOW-00762,SFT-00504,M305,06:57,07:27,1,30,
DOW-00763,SFT-00505,M101,17:39,18:24,14,45,
DOW-00764,SFT-00505,M101,17:13,17:58,1,45,
DOW-00765,SFT-00507,M103,20:53,21:53,14,60,
DOW-00766,SFT-00507,M103,16:08,16:53,5,45,
DOW-00767,SFT-00507,M103,18:35,18:50,9,15,
DOW-00768,SFT-00509,M105,17:25,18:25,1,60,
DOW-00769,SFT-00509,M105,15:23,15:43,1,20,
DOW-00770,SFT-00510,M106,18:49,19:34,7,45,
DOW-00771,SFT-00510,M106,16:56,17:56,9,60,
DOW-00772,SFT-00510,M106,16:03,16:23,1,20,
DOW-00773,SFT-00512,M201,15:53,16:53,12,60,
DOW-00774,SFT-00513,M202,17:16,17:31,11,15,
DOW-00775,SFT-00513,M202,15:44,16:14,13,30,
DOW-00776,SFT-00513,M202,19:56,20:26,15,30,
DOW-00777,SFT-00514,M203,16:36,16:46,7,10,
DOW-00778,SFT-00514,M203,16:44,16:59,1,15,
DOW-00779,SFT-00516,M205,18:07,18:22,4,15,
DOW-00780,SFT-00517,M206,18:33,19:33,5,60,
DOW-00781,SFT-00517,M206,14:06,14:21,11,15,
DOW-00782,SFT-00517,M206,20:23,20:33,14,10,
DOW-00783,SFT-00518,M301,20:52,21:12,8,20,
DOW-00784,SFT-00519,M302,14:00,14:05,15,5,
DOW-00785,SFT-00519,M302,17:19,17:49,15,30,
DOW-00786,SFT-00520,M303,14:12,14:32,14,20,
DOW-00787,SFT-00520,M303,18:33,18:38,13,5,
DOW-00788,SFT-00520,M303,16:53,17:08,9,15,
DOW-00789,SFT-00521,M304,20:18,20:23,14,5,
DOW-00790,SFT-00521,M304,15:19,16:04,11,45,
DOW-00791,SFT-00522,M305,14:35,14:45,10,10,
DOW-00792,SFT-00522,M305,20:42,20:47,11,5,
DOW-00793,SFT-00524,M102,00:34,01:04,2,30,
DOW-00794,SFT-00524,M102,01:47,01:52,5,5,
DOW-00795,SFT-00524,M102,00:04,00:09,12,5,
DOW-00796,SFT-00526,M104,22:33,22:43,11,10,
DOW-00797,SFT-00526,M104,04:26,04:31,8,5,
DOW-00798,SFT-00526,M104,01:29,02:29,7,60,
DOW-00799,SFT-00527,M105,03:12,03:32,15,20,
DOW-00800,SFT-00528,M106,04:29,04:49,5,20,
DOW-00801,SFT-00529,M107,04:01,04:16,11,15,
DOW-00802,SFT-00530,M201,03:49,04:09,14,20,
DOW-00803,SFT-00530,M201,23:32,23:37,6,5,
DOW-00804,SFT-00531,M202,02:54,02:59,3,5,
DOW-00805,SFT-00531,M202,00:05,00:15,12,10,
DOW-00806,SFT-00531,M202,02:13,02:58,7,45,
DOW-00807,SFT-00533,M204,02:48,03:48,5,60,
DOW-00808,SFT-00534,M205,01:11,01:31,14,20,
DOW-00809,SFT-00535,M206,22:55,23:40,3,45,
DOW-00810,SFT-00535,M206,23:06,23:51,9,45,
DOW-00811,SFT-00536,M301,00:22,01:22,9,60,
DOW-00812,SFT-00537,M302,02:50,03:50,11,60,
DOW-00813,SFT-00537,M302,22:01,22:21,7,20,
DOW-00814,SFT-00537,M302,03:13,03:28,8,15,
DOW-00815,SFT-00539,M304,23:48,00:03,1,15,
DOW-00816,SFT-00541,M101,09:14,09:44,14,30,
DOW-00817,SFT-00541,M101,06:35,07:05,1,30,
DOW-00818,SFT-00541,M101,06:34,06:39,5,5,
DOW-00819,SFT-00542,M102,09:18,09:38,9,20,
DOW-00820,SFT-00542,M102,07:46,08:01,7,15,
DOW-00821,SFT-00543,M103,12:53,13:38,6,45,
DOW-00822,SFT-00543,M103,06:50,07:50,2,60,
DOW-00823,SFT-00545,M105,09:00,09:15,3,15,
DOW-00824,SFT-00545,M105,07:01,07:06,14,5,
DOW-00825,SFT-00545,M105,06:45,07:15,7,30,
DOW-00826,SFT-00546,M106,07:28,08:28,9,60,
DOW-00827,SFT-00546,M106,08:18,09:18,1,60,
DOW-00828,SFT-00547,M107,09:53,10:23,6,30,
DOW-00829,SFT-00547,M107,08:59,09:04,5,5,
DOW-00830,SFT-00547,M107,12:46,13:06,9,20,
DOW-00831,SFT-00550,M203,12:32,12:42,13,10,
DOW-00832,SFT-00551,M204,07:12,07:32,13,20,
DOW-00833,SFT-00551,M204,08:57,09:12,5,15,
DOW-00834,SFT-00551,M204,06:57,07:07,9,10,
DOW-00835,SFT-00553,M206,09:18,09:38,11,20,
DOW-00836,SFT-00553,M206,06:12,06:32,10,20,
DOW-00837,SFT-00553,M206,08:36,08:46,15,10,
DOW-00838,SFT-00554,M301,09:04,10:04,13,60,
DOW-00839,SFT-00555,M302,11:42,12:27,7,45,
DOW-00840,SFT-00555,M302,09:44,10:29,6,45,
DOW-00841,SFT-00557,M304,06:02,06:22,6,20,
DOW-00842,SFT-00559,M101,19:31,19:41,5,10,
DOW-00843,SFT-00559,M101,15:02,15:22,9,20,
DOW-00844,SFT-00559,M101,18:57,19:07,2,10,
DOW-00845,SFT-00560,M102,19:52,20:07,6,15,
DOW-00846,SFT-00561,M103,14:06,14:11,3,5,
DOW-00847,SFT-00561,M103,18:41,19:11,11,30,
DOW-00848,SFT-00561,M103,18:49,19:49,2,60,
DOW-00849,SFT-00562,M104,18:15,19:15,8,60,
DOW-00850,SFT-00563,M105,14:32,14:42,11,10,
DOW-00851,SFT-00564,M106,15:13,15:23,2,10,
DOW-00852,SFT-00564,M106,19:42,20:27,12,45,
DOW-00853,SFT-00564,M106,16:56,17:41,9,45,
DOW-00854,SFT-00565,M107,15:58,16:28,10,30,
DOW-00855,SFT-00565,M107,14:01,14:46,13,45,
DOW-00856,SFT-00565,M107,18:25,19:25,3,60,
DOW-00857,SFT-00566,M201,19:59,20:04,8,5,
DOW-00858,SFT-00566,M201,14:48,15:18,4,30,
DOW-00859,SFT-00566,M201,14:01,14:31,12,30,
DOW-00860,SFT-00567,M202,20:25,20:40,3,15,
DOW-00861,SFT-00567,M202,20:15,20:30,5,15,
DOW-00862,SFT-00568,M203,20:10,20:15,10,5,
DOW-00863,SFT-00568,M203,15:12,15:32,13,20,
DOW-00864,SFT-00569,M204,18:57,19:12,3,15,
DOW-00865,SFT-00569,M204,16:44,16:59,7,15,
DOW-00866,SFT-00570,M205,15:37,16:37,7,60,
DOW-00867,SFT-00573,M302,16:15,16:20,1,5,
DOW-00868,SFT-00575,M304,18:43,18:58,6,15,
DOW-00869,SFT-00575,M304,20:49,21:49,1,60,
DOW-00870,SFT-00575,M304,15:06,15:51,12,45,
DOW-00871,SFT-00576,M305,17:14,17:29,15,15,
DOW-00872,SFT-00577,M101,23:07,00:07,1,60,
DOW-00873,SFT-00577,M101,22:25,23:10,1,45,
DOW-00874,SFT-00577,M101,23:42,00:02,4,20,
DOW-00875,SFT-00578,M102,03:27,03:57,11,30,
DOW-00876,SFT-00579,M103,04:47,04:52,15,5,
DOW-00877,SFT-00580,M104,03:32,04:02,1,30,
DOW-00878,SFT-00580,M104,04:19,04:29,8,10,
DOW-00879,SFT-00580,M104,02:44,03:14,3,30,
DOW-00880,SFT-00581,M105,01:51,02:11,15,20,
DOW-00881,SFT-00581,M105,03:39,04:09,13,30,
DOW-00882,SFT-00582,M106,03:24,03:54,14,30,
DOW-00883,SFT-00582,M106,01:31,01:36,9,5,
DOW-00884,SFT-00582,M106,22:36,22:41,9,5,
DOW-00885,SFT-00584,M201,00:07,00:22,8,15,
DOW-00886,SFT-00584,M201,22:41,22:56,14,15,
DOW-00887,SFT-00584,M201,23:30,23:50,4,20,
DOW-00888,SFT-00585,M202,01:36,01:56,5,20,
DOW-00889,SFT-00585,M202,03:28,03:33,7,5,
DOW-00890,SFT-00586,M203,23:01,00:01,15,60,
DOW-00891,SFT-00586,M203,03:29,04:14,8,45,
DOW-00892,SFT-00586,M203,03:09,03:54,10,45,
DOW-00893,SFT-00587,M204,04:32,04:37,7,5,
DOW-00894,SFT-00587,M204,02:42,02:52,7,10,
DOW-00895,SFT-00587,M204,00:24,01:09,7,45,
DOW-00896,SFT-00588,M205,00:12,01:12,11,60,
DOW-00897,SFT-00589,M206,23:55,00:15,13,20,
DOW-00898,SFT-00589,M206,01:28,02:28,4,60,
DOW-00899,SFT-00589,M206,22:38,22:48,4,10,
DOW-00900,SFT-00590,M301,00:08,00:53,7,45,
DOW-00901,SFT-00590,M301,23:54,00:09,11,15,
DOW-00902,SFT-00590,M301,00:12,01:12,2,60,
DOW-00903,SFT-00591,M302,00:07,00:37,6,30,
DOW-00904,SFT-00592,M303,23:05,23:10,9,5,
DOW-00905,SFT-00592,M303,00:43,00:48,5,5,
DOW-00906,SFT-00592,M303,02:31,02:41,15,10,
DOW-00907,SFT-00593,M304,02:46,03:16,5,30,
DOW-00908,SFT-00593,M304,02:04,02:24,8,20,
DOW-00909,SFT-00593,M304,01:54,02:04,4,10,
DOW-00910,SFT-00594,M305,02:52,03:02,4,10,
DOW-00911,SFT-00594,M305,03:29,03:39,3,10,
DOW-00912,SFT-00595,M101,10:03,10:18,4,15,
DOW-00913,SFT-00595,M101,12:15,13:15,7,60,
DOW-00914,SFT-00595,M101,08:12,08:57,11,45,
DOW-00915,SFT-00596,M102,12:43,12:48,11,5,
DOW-00916,SFT-00596,M102,10:39,11:39,2,60,
DOW-00917,SFT-00596,M102,10:14,10:59,9,45,
DOW-00918,SFT-00597,M103,10:11,10:41,9,30,
DOW-00919,SFT-00598,M104,10:46,10:56,13,10,
DOW-00920,SFT-00599,M105,08:50,09:50,10,60,
DOW-00921,SFT-00599,M105,09:06,09:26,15,20,
DOW-00922,SFT-00599,M105,11:10,11:30,3,20,
DOW-00923,SFT-00600,M106,11:26,11:41,5,15,
DOW-00924,SFT-00601,M107,08:55,09:40,14,45,
DOW-00925,SFT-00602,M201,12:42,13:02,8,20,
DOW-00926,SFT-00603,M202,12:22,12:52,12,30,
DOW-00927,SFT-00604,M203,10:49,11:09,1,20,
DOW-00928,SFT-00604,M203,09:10,09:55,2,45,
DOW-00929,SFT-00606,M205,08:40,08:50,7,10,
DOW-00930,SFT-00606,M205,10:12,10:32,15,20,
DOW-00931,SFT-00607,M206,07:28,07:38,1,10,
DOW-00932,SFT-00608,M301,12:36,12:51,11,15,
DOW-00933,SFT-00608,M301,06:57,07:02,14,5,
DOW-00934,SFT-00609,M302,09:20,10:20,6,60,
DOW-00935,SFT-00609,M302,10:31,10:46,10,15,
DOW-00936,SFT-00610,M303,07:19,08:04,2,45,
DOW-00937,SFT-00610,M303,09:32,10:32,7,60,
DOW-00938,SFT-00611,M304,09:39,09:49,7,10,
DOW-00939,SFT-00611,M304,12:08,12:18,9,10,
DOW-00940,SFT-00611,M304,08:50,08:55,11,5,
DOW-00941,SFT-00612,M305,06:54,07:24,5,30,
DOW-00942,SFT-00612,M305,07:02,08:02,6,60,
DOW-00943,SFT-00613,M101,18:14,18:24,2,10,
DOW-00944,SFT-00613,M101,20:30,21:15,7,45,
DOW-00945,SFT-00614,M102,20:18,21:18,2,60,
DOW-00946,SFT-00614,M102,16:14,16:44,8,30,
DOW-00947,SFT-00614,M102,14:42,14:47,7,5,
DOW-00948,SFT-00615,M103,17:29,17:44,8,15,
DOW-00949,SFT-00615,M103,16:46,17:16,11,30,
DOW-00950,SFT-00616,M104,20:55,21:10,13,15,
DOW-00951,SFT-00617,M105,14:40,14:45,15,5,
DOW-00952,SFT-00618,M106,17:59,18:44,4,45,
DOW-00953,SFT-00618,M106,15:03,16:03,14,60,
DOW-00954,SFT-00620,M201,15:50,16:05,4,15,
DOW-00955,SFT-00620,M201,15:22,15:37,2,15,
DOW-00956,SFT-00620,M201,14:36,15:06,13,30,
DOW-00957,SFT-00621,M202,15:27,15:32,2,5,
DOW-00958,SFT-00621,M202,15:09,15:19,8,10,
DOW-00959,SFT-00622,M203,18:45,19:05,7,20,
DOW-00960,SFT-00622,M203,15:38,16:38,1,60,
DOW-00961,SFT-00623,M204,20:14,20:44,15,30,
DOW-00962,SFT-00623,M204,16:45,16:55,11,10,
DOW-00963,SFT-00623,M204,18:21,19:06,11,45,
DOW-00964,SFT-00624,M205,18:18,18:33,13,15,
DOW-00965,SFT-00625,M206,16:07,16:37,8,30,
DOW-00966,SFT-00626,M301,15:10,15:40,9,30,
DOW-00967,SFT-00626,M301,18:08,18:23,1,15,
DOW-00968,SFT-00626,M301,14:01,14:11,9,10,
DOW-00969,SFT-00627,M302,16:09,17:09,11,60,
DOW-00970,SFT-00627,M302,17:38,18:38,12,60,
DOW-00971,SFT-00629,M304,14:46,15:06,3,20,
DOW-00972,SFT-00629,M304,16:29,16:49,3,20,
DOW-00973,SFT-00629,M304,18:45,19:05,15,20,
DOW-00974,SFT-00630,M305,17:47,18:32,6,45,
DOW-00975,SFT-00631,M101,02:01,02:16,10,15,
DOW-00976,SFT-00632,M102,00:48,01:18,13,30,
DOW-00977,SFT-00632,M102,01:41,02:26,8,45,
DOW-00978,SFT-00633,M103,03:58,04:58,5,60,
DOW-00979,SFT-00633,M103,22:37,23:22,3,45,
DOW-00980,SFT-00634,M104,03:06,03:26,6,20,
DOW-00981,SFT-00637,M107,00:10,00:40,5,30,
DOW-00982,SFT-00637,M107,23:39,23:54,3,15,
DOW-00983,SFT-00638,M201,22:58,23:18,15,20,
DOW-00984,SFT-00640,M203,22:39,23:24,6,45,
DOW-00985,SFT-00640,M203,00:40,01:00,11,20,
DOW-00986,SFT-00640,M203,22:44,23:14,11,30,
DOW-00987,SFT-00643,M206,02:53,03:38,10,45,
DOW-00988,SFT-00644,M301,02:35,02:40,14,5,
DOW-00989,SFT-00644,M301,03:36,03:56,14,20,
DOW-00990,SFT-00644,M301,23:30,00:15,2,45,
DOW-00991,SFT-00645,M302,00:50,01:00,8,10,
DOW-00992,SFT-00647,M304,01:02,01:12,8,10,
DOW-00993,SFT-00648,M305,22:12,22:42,9,30,
DOW-00994,SFT-00648,M305,23:45,23:50,6,5,
DOW-00995,SFT-00649,M101,11:47,11:57,14,10,
DOW-00996,SFT-00650,M102,06:50,06:55,15,5,
DOW-00997,SFT-00650,M102,06:37,06:42,14,5,
DOW-00998,SFT-00652,M104,07:03,07:08,2,5,
DOW-00999,SFT-00652,M104,11:55,12:40,15,45,
DOW-01000,SFT-00652,M104,07:03,07:08,7,5,
DOW-01001,SFT-00653,M105,08:22,08:27,4,5,
DOW-01002,SFT-00653,M105,08:24,09:09,8,45,
DOW-01003,SFT-00654,M106,06:47,06:52,4,5,
DOW-01004,SFT-00656,M201,08:03,08:33,12,30,
DOW-01005,SFT-00656,M201,06:10,06:30,1,20,
DOW-01006,SFT-00657,M202,12:33,12:48,5,15,
DOW-01007,SFT-00657,M202,12:03,12:18,7,15,
DOW-01008,SFT-00658,M203,12:02,13:02,9,60,
DOW-01009,SFT-00658,M203,07:00,07:30,6,30,
DOW-01010,SFT-00659,M204,09:31,09:46,3,15,
DOW-01011,SFT-00660,M205,08:22,08:52,10,30,
DOW-01012,SFT-00660,M205,09:03,10:03,10,60,
DOW-01013,SFT-00661,M206,10:52,11:12,9,20,
DOW-01014,SFT-00661,M206,08:46,09:16,15,30,
DOW-01015,SFT-00661,M206,11:54,12:04,11,10,
DOW-01016,SFT-00662,M301,08:15,08:35,4,20,
DOW-01017,SFT-00662,M301,07:37,08:37,15,60,
DOW-01018,SFT-00664,M303,11:00,11:10,14,10,
DOW-01019,SFT-00664,M303,11:11,11:31,14,20,
DOW-01020,SFT-00667,M101,14:53,14:58,5,5,
DOW-01021,SFT-00668,M102,15:32,15:52,10,20,
DOW-01022,SFT-00668,M102,19:59,20:14,12,15,
DOW-01023,SFT-00669,M103,16:32,16:42,5,10,
DOW-01024,SFT-00670,M104,19:41,20:41,14,60,
DOW-01025,SFT-00670,M104,15:09,15:29,7,20,
DOW-01026,SFT-00670,M104,19:45,20:15,13,30,
DOW-01027,SFT-00671,M105,20:36,20:41,12,5,
DOW-01028,SFT-00672,M106,20:15,21:15,5,60,
DOW-01029,SFT-00672,M106,19:13,19:58,6,45,
DOW-01030,SFT-00673,M107,16:28,16:58,5,30,
DOW-01031,SFT-00673,M107,19:28,19:33,4,5,
DOW-01032,SFT-00673,M107,19:52,19:57,6,5,
DOW-01033,SFT-00676,M203,18:02,19:02,6,60,
DOW-01034,SFT-00678,M205,20:31,21:16,9,45,
DOW-01035,SFT-00678,M205,20:15,20:30,2,15,
DOW-01036,SFT-00678,M205,20:43,21:28,2,45,
DOW-01037,SFT-00680,M301,17:03,17:08,3,5,
DOW-01038,SFT-00680,M301,19:35,19:55,10,20,
DOW-01039,SFT-00680,M301,14:23,15:08,9,45,
DOW-01040,SFT-00681,M302,15:52,16:12,4,20,
DOW-01041,SFT-00681,M302,19:05,19:15,6,10,
DOW-01042,SFT-00682,M303,16:50,16:55,4,5,
DOW-01043,SFT-00684,M305,18:29,18:59,5,30,
DOW-01044,SFT-00684,M305,18:09,18:24,6,15,
DOW-01045,SFT-00685,M101,22:58,23:08,3,10,
DOW-01046,SFT-00685,M101,02:09,02:24,3,15,
DOW-01047,SFT-00686,M102,04:22,04:52,4,30,
DOW-01048,SFT-00686,M102,00:27,00:37,12,10,
DOW-01049,SFT-00686,M102,04:35,05:05,2,30,
DOW-01050,SFT-00687,M103,23:15,00:00,12,45,
DOW-01051,SFT-00687,M103,04:00,04:45,6,45,
DOW-01052,SFT-00687,M103,04:51,05:11,7,20,
DOW-01053,SFT-00689,M105,22:03,22:08,12,5,
DOW-01054,SFT-00689,M105,22:27,23:27,3,60,
DOW-01055,SFT-00690,M106,23:52,00:22,5,30,
DOW-01056,SFT-00691,M107,01:17,01:37,13,20,
DOW-01057,SFT-00691,M107,23:38,23:43,1,5,
DOW-01058,SFT-00693,M202,01:36,02:36,1,60,
DOW-01059,SFT-00693,M202,00:58,01:08,2,10,
DOW-01060,SFT-00693,M202,04:56,05:56,11,60,
DOW-01061,SFT-00694,M203,03:24,03:54,1,30,
DOW-01062,SFT-00695,M204,03:49,03:54,2,5,
DOW-01063,SFT-00695,M204,03:21,03:31,6,10,
DOW-01064,SFT-00695,M204,03:03,03:48,4,45,
DOW-01065,SFT-00697,M206,23:01,23:11,11,10,
DOW-01066,SFT-00697,M206,00:07,00:22,15,15,
DOW-01067,SFT-00698,M301,00:03,00:08,4,5,
DOW-01068,SFT-00698,M301,03:59,04:04,15,5,
DOW-01069,SFT-00699,M302,01:15,01:35,5,20,
DOW-01070,SFT-00700,M303,02:13,02:23,1,10,
DOW-01071,SFT-00700,M303,00:33,01:03,2,30,
DOW-01072,SFT-00700,M303,00:21,00:36,10,15,
DOW-01073,SFT-00701,M304,22:33,23:18,5,45,
DOW-01074,SFT-00701,M304,01:59,02:59,6,60,
DOW-01075,SFT-00702,M305,03:24,04:09,2,45,
DOW-01076,SFT-00702,M305,04:11,04:21,5,10,
DOW-01077,SFT-00702,M305,00:25,01:10,14,45,
DOW-01078,SFT-00703,M101,08:19,08:49,4,30,
DOW-01079,SFT-00703,M101,12:02,12:22,6,20,
DOW-01080,SFT-00704,M102,11:31,12:16,4,45,
DOW-01081,SFT-00704,M102,11:37,11:52,11,15,
DOW-01082,SFT-00704,M102,11:25,12:10,1,45,
DOW-01083,SFT-00706,M104,09:29,09:44,15,15,
DOW-01084,SFT-00706,M104,11:55,12:05,11,10,
DOW-01085,SFT-00707,M105,11:18,11:33,11,15,
DOW-01086,SFT-00710,M201,12:19,12:39,3,20,
DOW-01087,SFT-00711,M202,12:29,12:34,10,5,
DOW-01088,SFT-00712,M203,11:35,12:05,4,30,
DOW-01089,SFT-00713,M204,08:20,08:25,1,5,
DOW-01090,SFT-00714,M205,10:10,10:30,12,20,
DOW-01091,SFT-00714,M205,07:10,07:25,1,15,
DOW-01092,SFT-00717,M302,11:04,12:04,3,60,
DOW-01093,SFT-00718,M303,06:18,06:28,10,10,
DOW-01094,SFT-00720,M305,08:27,08:37,10,10,
DOW-01095,SFT-00720,M305,10:17,10:47,4,30,
DOW-01096,SFT-00720,M305,07:32,08:02,7,30,
DOW-01097,SFT-00721,M101,20:38,21:23,2,45,
DOW-01098,SFT-00721,M101,18:20,18:40,3,20,
DOW-01099,SFT-00722,M102,20:01,20:16,12,15,
DOW-01100,SFT-00722,M102,17:40,18:25,13,45,
DOW-01101,SFT-00723,M103,16:56,17:06,7,10,
DOW-01102,SFT-00724,M104,18:41,18:46,14,5,
DOW-01103,SFT-00724,M104,14:07,14:17,12,10,
DOW-01104,SFT-00724,M104,16:34,17:34,5,60,
DOW-01105,SFT-00725,M105,19:31,19:46,6,15,
DOW-01106,SFT-00726,M106,18:35,19:20,3,45,
DOW-01107,SFT-00726,M106,20:14,20:29,6,15,
DOW-01108,SFT-00726,M106,14:09,14:39,13,30,
DOW-01109,SFT-00727,M107,17:01,18:01,14,60,
DOW-01110,SFT-00727,M107,20:15,20:30,10,15,
DOW-01111,SFT-00727,M107,17:40,17:45,10,5,
DOW-01112,SFT-00728,M201,20:15,20:25,5,10,
DOW-01113,SFT-00729,M202,16:34,16:54,9,20,
DOW-01114,SFT-00730,M203,16:06,16:51,4,45,
DOW-01115,SFT-00731,M204,20:55,21:05,3,10,
DOW-01116,SFT-00732,M205,16:05,16:20,8,15,
DOW-01117,SFT-00733,M206,15:10,15:30,6,20,
DOW-01118,SFT-00733,M206,16:54,16:59,11,5,
DOW-01119,SFT-00734,M301,14:36,14:56,7,20,
DOW-01120,SFT-00739,M101,01:03,01:18,11,15,
DOW-01121,SFT-00740,M102,00:59,01:29,14,30,
DOW-01122,SFT-00740,M102,02:17,02:22,3,5,
DOW-01123,SFT-00742,M104,23:45,23:50,7,5,
DOW-01124,SFT-00742,M104,22:53,23:03,8,10,
DOW-01125,SFT-00743,M105,23:03,23:23,14,20,
DOW-01126,SFT-00744,M106,00:02,00:17,1,15,
DOW-01127,SFT-00745,M107,04:13,04:43,7,30,
DOW-01128,SFT-00748,M203,03:03,03:48,14,45,
DOW-01129,SFT-00750,M205,01:55,02:40,13,45,
DOW-01130,SFT-00750,M205,22:45,22:50,14,5,
DOW-01131,SFT-00750,M205,04:29,04:34,15,5,
DOW-01132,SFT-00751,M206,03:14,04:14,3,60,
DOW-01133,SFT-00751,M206,04:51,05:06,8,15,
DOW-01134,SFT-00751,M206,23:53,00:03,7,10,
DOW-01135,SFT-00753,M302,03:37,03:57,9,20,
DOW-01136,SFT-00753,M302,22:16,22:21,3,5,
DOW-01137,SFT-00753,M302,04:00,04:30,12,30,
DOW-01138,SFT-00755,M304,23:17,23:37,12,20,
DOW-01139,SFT-00755,M304,04:28,04:58,15,30,
DOW-01140,SFT-00756,M305,04:09,04:54,11,45,
DOW-01141,SFT-00758,M102,10:05,10:15,14,10,
DOW-01142,SFT-00759,M103,06:03,06:33,10,30,
DOW-01143,SFT-00760,M104,09:56,10:16,15,20,
DOW-01144,SFT-00760,M104,12:30,12:50,1,20,
DOW-01145,SFT-00763,M107,07:04,07:09,11,5,
DOW-01146,SFT-00765,M202,08:17,08:37,15,20,
DOW-01147,SFT-00765,M202,09:20,09:25,13,5,
DOW-01148,SFT-00765,M202,08:13,08:58,6,45,
DOW-01149,SFT-00766,M203,07:36,07:41,15,5,
DOW-01150,SFT-00766,M203,10:06,10:16,1,10,
DOW-01151,SFT-00767,M204,08:31,08:46,4,15,
DOW-01152,SFT-00767,M204,09:30,10:00,2,30,
DOW-01153,SFT-00768,M205,12:15,12:45,6,30,
DOW-01154,SFT-00768,M205,11:20,11:40,2,20,
DOW-01155,SFT-00769,M206,07:20,07:35,10,15,
DOW-01156,SFT-00769,M206,08:09,08:19,2,10,
DOW-01157,SFT-00769,M206,06:22,06:37,9,15,
DOW-01158,SFT-00770,M301,12:55,13:05,12,10,
DOW-01159,SFT-00771,M302,12:20,13:05,2,45,
DOW-01160,SFT-00772,M303,12:31,13:16,6,45,
DOW-01161,SFT-00772,M303,10:19,10:24,13,5,
DOW-01162,SFT-00773,M304,12:51,13:21,8,30,
DOW-01163,SFT-00774,M305,09:23,10:23,14,60,
DOW-01164,SFT-00774,M305,06:16,07:16,13,60,
DOW-01165,SFT-00774,M305,12:24,13:09,5,45,
DOW-01166,SFT-00776,M102,14:41,14:51,2,10,
DOW-01167,SFT-00777,M103,18:01,18:16,7,15,
DOW-01168,SFT-00777,M103,16:07,17:07,6,60,
DOW-01169,SFT-00777,M103,19:57,20:57,10,60,
DOW-01170,SFT-00778,M104,16:34,16:39,6,5,
DOW-01171,SFT-00778,M104,15:29,15:34,5,5,
DOW-01172,SFT-00780,M106,20:47,21:07,8,20,
DOW-01173,SFT-00780,M106,16:18,16:23,15,5,
DOW-01174,SFT-00780,M106,14:38,14:53,7,15,
DOW-01175,SFT-00781,M107,17:00,17:20,14,20,
DOW-01176,SFT-00781,M107,19:25,19:30,15,5,
DOW-01177,SFT-00781,M107,20:01,20:46,8,45,
DOW-01178,SFT-00782,M201,20:26,21:11,8,45,
DOW-01179,SFT-00782,M201,15:55,16:15,3,20,
DOW-01180,SFT-00782,M201,15:56,16:06,7,10,
DOW-01181,SFT-00783,M202,17:05,17:35,6,30,
DOW-01182,SFT-00783,M202,15:55,16:25,12,30,
DOW-01183,SFT-00783,M202,15:12,15:27,4,15,
DOW-01184,SFT-00784,M203,19:26,19:41,6,15,
DOW-01185,SFT-00784,M203,19:07,19:12,10,5,
DOW-01186,SFT-00785,M204,20:56,21:06,1,10,
DOW-01187,SFT-00786,M205,20:50,21:00,9,10,
DOW-01188,SFT-00786,M205,17:41,18:01,1,20,
DOW-01189,SFT-00787,M206,16:03,16:33,5,30,
DOW-01190,SFT-00787,M206,14:14,14:29,9,15,
DOW-01191,SFT-00787,M206,15:27,15:32,2,5,
DOW-01192,SFT-00788,M301,16:29,16:59,5,30,
DOW-01193,SFT-00789,M302,16:49,17:34,7,45,
DOW-01194,SFT-00790,M303,16:42,17:27,12,45,
DOW-01195,SFT-00791,M304,15:05,15:25,3,20,
DOW-01196,SFT-00791,M304,18:16,19:16,4,60,
DOW-01197,SFT-00791,M304,18:27,18:37,14,10,
DOW-01198,SFT-00792,M305,14:53,15:23,11,30,
DOW-01199,SFT-00792,M305,14:15,14:45,6,30,
DOW-01200,SFT-00793,M101,22:44,22:54,14,10,
DOW-01201,SFT-00796,M104,02:15,02:45,12,30,
DOW-01202,SFT-00796,M104,03:53,03:58,12,5,
DOW-01203,SFT-00796,M104,02:32,02:47,2,15,
DOW-01204,SFT-00797,M105,04:40,04:55,3,15,
DOW-01205,SFT-00797,M105,00:47,01:47,5,60,
DOW-01206,SFT-00797,M105,02:43,03:28,7,45,
DOW-01207,SFT-00798,M106,02:40,03:40,6,60,
DOW-01208,SFT-00799,M107,04:54,05:24,6,30,
DOW-01209,SFT-00799,M107,02:52,02:57,8,5,
DOW-01210,SFT-00800,M201,22:01,22:11,2,10,
DOW-01211,SFT-00801,M202,01:05,01:35,12,30,
DOW-01212,SFT-00801,M202,02:11,02:16,11,5,
DOW-01213,SFT-00801,M202,03:37,03:47,12,10,
DOW-01214,SFT-00802,M203,00:11,00:56,13,45,
DOW-01215,SFT-00802,M203,02:43,03:28,1,45,
DOW-01216,SFT-00803,M204,03:49,03:59,12,10,
DOW-01217,SFT-00804,M205,23:54,00:14,9,20,
DOW-01218,SFT-00805,M206,03:39,04:39,2,60,
DOW-01219,SFT-00805,M206,22:38,22:48,3,10,
DOW-01220,SFT-00807,M302,02:58,03:13,14,15,
DOW-01221,SFT-00807,M302,22:51,22:56,3,5,
DOW-01222,SFT-00807,M302,04:49,05:04,2,15,
DOW-01223,SFT-00808,M303,03:42,04:02,7,20,
DOW-01224,SFT-00808,M303,00:30,00:40,14,10,
DOW-01225,SFT-00808,M303,03:29,03:39,11,10,
DOW-01226,SFT-00809,M304,03:08,03:28,1,20,
DOW-01227,SFT-00809,M304,01:21,01:31,13,10,
DOW-01228,SFT-00810,M305,03:44,03:49,4,5,
DOW-01229,SFT-00810,M305,00:04,00:09,6,5,
DOW-01230,SFT-00810,M305,04:27,04:37,10,10,
DOW-01231,SFT-00812,M102,08:20,08:30,10,10,
DOW-01232,SFT-00812,M102,08:19,08:34,13,15,
DOW-01233,SFT-00812,M102,10:39,11:09,1,30,
DOW-01234,SFT-00813,M103,11:10,11:30,7,20,
DOW-01235,SFT-00813,M103,08:40,09:25,4,45,
DOW-01236,SFT-00815,M105,11:51,12:21,15,30,
DOW-01237,SFT-00816,M106,06:14,06:34,4,20,
DOW-01238,SFT-00817,M107,12:27,12:42,12,15,
DOW-01239,SFT-00817,M107,11:58,12:03,12,5,
DOW-01240,SFT-00817,M107,06:51,07:06,8,15,
DOW-01241,SFT-00818,M201,09:50,10:10,13,20,
DOW-01242,SFT-00818,M201,06:57,07:27,15,30,
DOW-01243,SFT-00818,M201,08:46,09:01,9,15,
DOW-01244,SFT-00819,M202,07:20,07:30,3,10,
DOW-01245,SFT-00820,M203,07:54,08:54,5,60,
DOW-01246,SFT-00820,M203,07:58,08:58,10,60,
DOW-01247,SFT-00820,M203,08:16,08:26,5,10,
DOW-01248,SFT-00822,M205,12:58,13:43,12,45,
DOW-01249,SFT-00822,M205,08:07,08:52,15,45,
DOW-01250,SFT-00822,M205,11:52,12:37,10,45,
DOW-01251,SFT-00823,M206,08:15,09:15,8,60,
DOW-01252,SFT-00823,M206,12:12,12:27,3,15,
DOW-01253,SFT-00823,M206,06:49,07:09,7,20,
DOW-01254,SFT-00825,M302,06:01,06:46,2,45,
DOW-01255,SFT-00826,M303,10:47,11:32,8,45,
DOW-01256,SFT-00827,M304,09:15,10:15,6,60,
DOW-01257,SFT-00827,M304,07:17,08:17,4,60,
DOW-01258,SFT-00828,M305,08:17,09:02,8,45,
DOW-01259,SFT-00828,M305,09:03,09:33,13,30,
DOW-01260,SFT-00828,M305,07:09,07:39,11,30,
DOW-01261,SFT-00829,M101,20:48,21:48,6,60,
DOW-01262,SFT-00830,M102,15:38,16:23,4,45,
DOW-01263,SFT-00830,M102,20:45,21:45,14,60,
DOW-01264,SFT-00831,M103,19:57,20:17,3,20,
DOW-01265,SFT-00831,M103,16:53,17:13,3,20,
DOW-01266,SFT-00831,M103,16:11,16:16,8,5,
DOW-01267,SFT-00832,M104,17:10,17:20,5,10,
DOW-01268,SFT-00833,M105,15:10,16:10,4,60,
DOW-01269,SFT-00833,M105,17:14,18:14,8,60,
DOW-01270,SFT-00833,M105,16:29,16:59,9,30,
DOW-01271,SFT-00834,M106,20:59,21:14,6,15,
DOW-01272,SFT-00834,M106,17:36,18:21,6,45,
DOW-01273,SFT-00835,M107,17:43,17:58,14,15,
DOW-01274,SFT-00835,M107,18:04,18:24,1,20,
DOW-01275,SFT-00835,M107,14:00,14:45,11,45,
DOW-01276,SFT-00836,M201,18:19,18:34,2,15,
DOW-01277,SFT-00836,M201,16:07,16:22,2,15,
DOW-01278,SFT-00837,M202,18:18,18:33,12,15,
DOW-01279,SFT-00837,M202,19:54,20:14,7,20,
DOW-01280,SFT-00837,M202,15:19,15:24,15,5,
DOW-01281,SFT-00839,M204,18:59,19:04,13,5,
DOW-01282,SFT-00839,M204,15:27,15:37,6,10,
DOW-01283,SFT-00840,M205,19:54,20:09,5,15,
DOW-01284,SFT-00840,M205,16:00,16:30,12,30,
DOW-01285,SFT-00841,M206,15:49,16:34,7,45,
DOW-01286,SFT-00841,M206,16:49,17:49,6,60,
DOW-01287,SFT-00842,M301,17:38,18:38,10,60,
DOW-01288,SFT-00842,M301,16:30,17:15,9,45,
DOW-01289,SFT-00844,M303,19:35,20:05,7,30,
DOW-01290,SFT-00844,M303,18:13,18:43,6,30,
DOW-01291,SFT-00845,M304,20:47,20:52,14,5,
DOW-01292,SFT-00845,M304,14:33,14:43,4,10,
DOW-01293,SFT-00845,M304,17:58,18:13,8,15,
DOW-01294,SFT-00846,M305,15:55,16:00,7,5,
DOW-01295,SFT-00846,M305,20:55,21:05,5,10,
DOW-01296,SFT-00848,M102,00:16,00:21,6,5,
DOW-01297,SFT-00848,M102,04:12,04:32,5,20,
DOW-01298,SFT-00849,M103,23:07,23:17,11,10,
DOW-01299,SFT-00849,M103,02:39,02:44,10,5,
DOW-01300,SFT-00851,M105,02:45,03:30,13,45,
DOW-01301,SFT-00852,M106,00:32,00:52,1,20,
DOW-01302,SFT-00852,M106,00:54,01:04,15,10,
DOW-01303,SFT-00852,M106,00:48,00:53,4,5,
DOW-01304,SFT-00854,M201,03:24,04:24,7,60,
DOW-01305,SFT-00855,M202,00:59,01:09,11,10,
DOW-01306,SFT-00855,M202,04:15,04:35,9,20,
DOW-01307,SFT-00856,M203,04:37,05:22,2,45,
DOW-01308,SFT-00856,M203,22:59,23:59,6,60,
DOW-01309,SFT-00856,M203,02:29,02:39,5,10,
DOW-01310,SFT-00857,M204,03:59,04:19,4,20,
DOW-01311,SFT-00858,M205,04:20,04:25,13,5,
DOW-01312,SFT-00859,M206,22:31,23:16,14,45,
DOW-01313,SFT-00860,M301,04:07,04:52,1,45,
DOW-01314,SFT-00860,M301,22:00,23:00,11,60,
DOW-01315,SFT-00860,M301,03:34,04:04,10,30,
DOW-01316,SFT-00861,M302,23:24,23:29,13,5,
DOW-01317,SFT-00861,M302,04:09,04:29,1,20,
DOW-01318,SFT-00866,M102,08:04,08:34,1,30,
DOW-01319,SFT-00867,M103,09:47,10:32,13,45,
DOW-01320,SFT-00867,M103,11:50,11:55,4,5,
DOW-01321,SFT-00867,M103,07:55,08:00,10,5,
DOW-01322,SFT-00868,M104,09:32,09:42,4,10,
DOW-01323,SFT-00869,M105,08:43,08:58,12,15,
DOW-01324,SFT-00871,M107,09:33,09:43,2,10,
DOW-01325,SFT-00872,M201,09:38,09:58,9,20,
DOW-01326,SFT-00875,M204,08:25,08:45,13,20,
DOW-01327,SFT-00877,M206,11:24,12:24,1,60,
DOW-01328,SFT-00879,M302,08:59,09:59,12,60,
DOW-01329,SFT-00879,M302,06:38,06:48,1,10,
DOW-01330,SFT-00880,M303,09:24,10:09,5,45,
DOW-01331,SFT-00881,M304,10:50,11:00,3,10,
DOW-01332,SFT-00882,M305,08:20,08:50,14,30,
DOW-01333,SFT-00882,M305,07:22,07:37,8,15,
DOW-01334,SFT-00882,M305,06:37,06:57,7,20,
DOW-01335,SFT-00884,M102,16:01,16:21,4,20,
DOW-01336,SFT-00884,M102,18:57,19:17,3,20,
DOW-01337,SFT-00886,M104,20:31,21:16,15,45,
DOW-01338,SFT-00886,M104,19:10,19:25,6,15,
DOW-01339,SFT-00886,M104,20:41,21:11,11,30,
DOW-01340,SFT-00887,M105,18:13,18:18,3,5,
DOW-01341,SFT-00887,M105,16:09,16:24,15,15,
DOW-01342,SFT-00888,M106,16:48,17:08,2,20,
DOW-01343,SFT-00888,M106,20:16,20:46,12,30,
DOW-01344,SFT-00889,M107,18:15,19:00,10,45,
DOW-01345,SFT-00890,M201,15:08,15:18,10,10,
DOW-01346,SFT-00891,M202,20:52,21:07,14,15,
DOW-01347,SFT-00892,M203,19:14,19:44,1,30,
DOW-01348,SFT-00892,M203,16:10,16:20,12,10,
DOW-01349,SFT-00893,M204,19:06,19:51,6,45,
DOW-01350,SFT-00894,M205,14:50,14:55,4,5,
DOW-01351,SFT-00894,M205,20:10,20:20,15,10,
DOW-01352,SFT-00894,M205,14:06,14:26,12,20,
DOW-01353,SFT-00895,M206,18:04,18:49,13,45,
DOW-01354,SFT-00895,M206,17:47,18:17,10,30,
DOW-01355,SFT-00895,M206,17:56,18:16,9,20,
DOW-01356,SFT-00896,M301,17:20,17:40,15,20,
DOW-01357,SFT-00896,M301,16:04,16:09,4,5,
DOW-01358,SFT-00896,M301,18:06,18:51,1,45,
DOW-01359,SFT-00897,M302,18:29,18:39,6,10,
DOW-01360,SFT-00899,M304,20:51,21:01,6,10,
DOW-01361,SFT-00900,M305,17:54,18:39,10,45,
DOW-01362,SFT-00901,M101,00:27,00:57,15,30,
DOW-01363,SFT-00901,M101,00:21,00:26,11,5,
DOW-01364,SFT-00901,M101,22:41,22:51,3,10,
DOW-01365,SFT-00902,M102,02:35,02:55,8,20,
DOW-01366,SFT-00902,M102,00:00,00:15,10,15,
DOW-01367,SFT-00902,M102,03:58,04:18,6,20,
DOW-01368,SFT-00903,M103,00:14,00:29,2,15,
DOW-01369,SFT-00903,M103,00:05,00:35,7,30,
DOW-01370,SFT-00905,M105,01:22,02:07,5,45,
DOW-01371,SFT-00905,M105,22:38,23:08,12,30,
DOW-01372,SFT-00905,M105,23:44,00:44,1,60,
DOW-01373,SFT-00907,M107,04:25,04:55,14,30,
DOW-01374,SFT-00908,M201,23:39,00:24,4,45,
DOW-01375,SFT-00908,M201,02:28,02:43,9,15,
DOW-01376,SFT-00909,M202,23:45,00:00,3,15,
DOW-01377,SFT-00909,M202,22:42,23:12,11,30,
DOW-01378,SFT-00910,M203,00:39,01:24,6,45,
DOW-01379,SFT-00910,M203,22:47,23:02,10,15,
DOW-01380,SFT-00910,M203,02:15,02:45,12,30,
DOW-01381,SFT-00911,M204,00:35,00:40,14,5,
DOW-01382,SFT-00914,M301,22:47,23:47,1,60,
DOW-01383,SFT-00914,M301,22:05,22:10,4,5,
DOW-01384,SFT-00917,M304,01:58,02:43,3,45,
DOW-01385,SFT-00917,M304,02:15,02:20,1,5,
DOW-01386,SFT-00917,M304,03:50,04:50,10,60,
DOW-01387,SFT-00918,M305,02:05,02:15,12,10,
DOW-01388,SFT-00918,M305,03:20,04:05,4,45,
DOW-01389,SFT-00919,M101,07:03,07:18,14,15,
DOW-01390,SFT-00920,M102,08:02,08:12,4,10,
DOW-01391,SFT-00921,M103,11:40,11:55,1,15,
DOW-01392,SFT-00921,M103,10:32,11:02,13,30,
DOW-01393,SFT-00921,M103,06:27,07:12,5,45,
DOW-01394,SFT-00924,M106,11:37,12:37,9,60,
DOW-01395,SFT-00924,M106,06:07,06:27,9,20,
DOW-01396,SFT-00924,M106,08:21,08:51,1,30,
DOW-01397,SFT-00925,M107,08:24,09:09,12,45,
DOW-01398,SFT-00925,M107,08:23,08:43,15,20,
DOW-01399,SFT-00927,M202,11:29,11:34,12,5,
DOW-01400,SFT-00928,M203,07:55,08:55,10,60,
DOW-01401,SFT-00928,M203,11:50,12:35,4,45,
DOW-01402,SFT-00929,M204,11:54,12:04,4,10,
DOW-01403,SFT-00930,M205,08:08,08:23,15,15,
DOW-01404,SFT-00931,M206,08:42,08:52,6,10,
DOW-01405,SFT-00932,M301,08:27,08:47,7,20,
DOW-01406,SFT-00932,M301,08:59,09:04,12,5,
DOW-01407,SFT-00932,M301,06:28,07:28,2,60,
DOW-01408,SFT-00933,M302,07:54,08:09,3,15,
DOW-01409,SFT-00933,M302,12:16,12:36,1,20,
DOW-01410,SFT-00933,M302,11:42,12:42,3,60,
DOW-01411,SFT-00934,M303,06:40,07:40,10,60,
DOW-01412,SFT-00935,M304,08:33,09:03,4,30,
DOW-01413,SFT-00936,M305,08:51,09:11,15,20,
DOW-01414,SFT-00936,M305,09:04,09:49,2,45,
DOW-01415,SFT-00938,M102,20:02,20:32,2,30,
DOW-01416,SFT-00938,M102,19:31,19:41,13,10,
DOW-01417,SFT-00938,M102,19:26,19:46,4,20,
DOW-01418,SFT-00939,M103,15:30,15:45,10,15,
DOW-01419,SFT-00941,M105,20:46,21:16,1,30,
DOW-01420,SFT-00941,M105,19:59,20:19,11,20,
DOW-01421,SFT-00942,M106,18:43,19:43,10,60,
DOW-01422,SFT-00943,M107,14:11,15:11,5,60,
DOW-01423,SFT-00943,M107,19:52,19:57,2,5,
DOW-01424,SFT-00944,M201,14:08,14:38,14,30,
DOW-01425,SFT-00944,M201,17:55,18:15,11,20,
DOW-01426,SFT-00944,M201,17:44,17:54,7,10,
DOW-01427,SFT-00945,M202,20:53,21:23,2,30,
DOW-01428,SFT-00945,M202,15:28,15:58,14,30,
DOW-01429,SFT-00945,M202,20:10,21:10,2,60,
DOW-01430,SFT-00946,M203,14:57,15:27,9,30,
DOW-01431,SFT-00947,M204,14:31,15:16,13,45,
DOW-01432,SFT-00947,M204,19:58,20:58,2,60,
DOW-01433,SFT-00948,M205,17:48,18:33,7,45,
DOW-01434,SFT-00949,M206,16:25,16:45,13,20,
DOW-01435,SFT-00949,M206,19:07,19:12,2,5,
DOW-01436,SFT-00950,M301,20:09,20:39,1,30,
DOW-01437,SFT-00950,M301,20:22,20:32,13,10,
DOW-01438,SFT-00950,M301,20:22,20:37,3,15,
DOW-01439,SFT-00951,M302,19:16,19:31,2,15,
DOW-01440,SFT-00952,M303,19:41,19:46,9,5,
DOW-01441,SFT-00953,M304,18:05,19:05,9,60,
DOW-01442,SFT-00953,M304,17:25,18:25,6,60,
DOW-01443,SFT-00953,M304,14:29,15:29,3,60,
DOW-01444,SFT-00954,M305,14:48,15:33,10,45,
DOW-01445,SFT-00954,M305,20:10,20:30,2,20,
DOW-01446,SFT-00956,M102,03:08,03:38,1,30,
DOW-01447,SFT-00956,M102,22:29,22:34,5,5,
DOW-01448,SFT-00957,M103,02:24,03:09,10,45,
DOW-01449,SFT-00958,M104,03:24,03:39,11,15,
DOW-01450,SFT-00959,M105,04:43,04:53,4,10,
DOW-01451,SFT-00960,M106,01:13,01:43,11,30,
DOW-01452,SFT-00961,M107,03:19,04:19,14,60,
DOW-01453,SFT-00962,M201,03:25,03:55,14,30,
DOW-01454,SFT-00962,M201,03:27,03:42,9,15,
DOW-01455,SFT-00963,M202,02:09,03:09,8,60,
DOW-01456,SFT-00963,M202,01:39,02:39,3,60,
DOW-01457,SFT-00963,M202,03:28,03:58,5,30,
DOW-01458,SFT-00965,M204,04:19,04:29,10,10,
DOW-01459,SFT-00965,M204,04:32,04:42,14,10,
DOW-01460,SFT-00965,M204,00:51,01:36,1,45,
DOW-01461,SFT-00966,M205,04:41,05:01,2,20,
DOW-01462,SFT-00966,M205,03:18,03:23,10,5,
DOW-01463,SFT-00966,M205,23:35,23:50,4,15,
DOW-01464,SFT-00967,M206,23:55,00:40,14,45,
DOW-01465,SFT-00967,M206,23:46,23:51,12,5,
DOW-01466,SFT-00968,M301,04:12,04:42,5,30,
DOW-01467,SFT-00970,M303,22:59,23:19,15,20,
DOW-01468,SFT-00970,M303,00:30,01:30,13,60,
DOW-01469,SFT-00972,M305,03:29,04:14,9,45,
DOW-01470,SFT-00972,M305,03:07,03:52,3,45,
DOW-01471,SFT-00972,M305,23:29,23:59,12,30,
DOW-01472,SFT-00973,M101,08:08,08:18,8,10,
DOW-01473,SFT-00974,M102,10:00,10:30,6,30,
DOW-01474,SFT-00974,M102,12:28,12:58,2,30,
DOW-01475,SFT-00974,M102,10:50,11:10,14,20,
DOW-01476,SFT-00977,M105,09:53,10:08,6,15,
DOW-01477,SFT-00978,M106,07:59,08:29,1,30,
DOW-01478,SFT-00980,M201,10:53,11:13,14,20,
DOW-01479,SFT-00981,M202,12:51,13:01,3,10,
DOW-01480,SFT-00981,M202,07:15,08:15,11,60,
DOW-01481,SFT-00981,M202,08:23,08:28,11,5,
DOW-01482,SFT-00982,M203,12:10,12:15,15,5,
DOW-01483,SFT-00982,M203,12:42,13:27,10,45,
DOW-01484,SFT-00983,M204,10:42,10:47,2,5,
DOW-01485,SFT-00983,M204,12:53,12:58,6,5,
DOW-01486,SFT-00983,M204,06:42,07:02,2,20,
DOW-01487,SFT-00985,M206,06:00,06:30,12,30,
DOW-01488,SFT-00986,M301,06:21,07:21,13,60,
DOW-01489,SFT-00987,M302,08:32,09:32,10,60,
DOW-01490,SFT-00988,M303,11:36,12:21,2,45,
DOW-01491,SFT-00988,M303,10:30,11:00,8,30,
DOW-01492,SFT-00988,M303,07:50,08:05,10,15,
DOW-01493,SFT-00989,M304,07:19,08:19,11,60,
DOW-01494,SFT-00991,M101,20:08,20:53,6,45,
DOW-01495,SFT-00992,M102,18:15,18:35,9,20,
DOW-01496,SFT-00992,M102,19:41,20:41,3,60,
DOW-01497,SFT-00993,M103,20:12,20:27,10,15,
DOW-01498,SFT-00993,M103,15:00,15:45,6,45,
DOW-01499,SFT-00993,M103,16:48,17:08,14,20,
DOW-01500,SFT-00994,M104,14:34,15:04,8,30,
DOW-01501,SFT-00995,M105,15:43,15:48,7,5,
DOW-01502,SFT-00996,M106,19:33,20:18,12,45,
DOW-01503,SFT-00996,M106,17:41,18:41,8,60,
DOW-01504,SFT-00997,M107,20:21,20:41,12,20,
DOW-01505,SFT-00997,M107,17:35,17:55,1,20,
DOW-01506,SFT-00999,M202,18:04,18:49,9,45,
DOW-01507,SFT-01000,M203,16:48,16:58,15,10,
DOW-01508,SFT-01000,M203,19:41,20:41,7,60,
DOW-01509,SFT-01001,M204,15:02,15:12,5,10,
DOW-01510,SFT-01001,M204,19:04,19:49,4,45,
DOW-01511,SFT-01003,M206,14:44,14:59,7,15,
DOW-01512,SFT-01004,M301,18:45,18:55,3,10,
DOW-01513,SFT-01004,M301,20:45,21:15,8,30,
DOW-01514,SFT-01004,M301,16:12,16:57,10,45,
DOW-01515,SFT-01005,M302,16:54,17:39,4,45,
DOW-01516,SFT-01005,M302,20:52,21:12,14,20,
DOW-01517,SFT-01007,M304,17:43,17:58,4,15,
DOW-01518,SFT-01007,M304,15:11,15:31,9,20,
DOW-01519,SFT-01007,M304,20:25,21:10,8,45,
DOW-01520,SFT-01008,M305,17:06,18:06,7,60,
DOW-01521,SFT-01010,M102,02:12,02:57,6,45,
DOW-01522,SFT-01010,M102,01:20,01:50,12,30,
DOW-01523,SFT-01012,M104,04:36,04:56,15,20,
DOW-01524,SFT-01012,M104,04:00,04:45,7,45,
DOW-01525,SFT-01012,M104,22:04,22:24,4,20,
DOW-01526,SFT-01015,M107,23:08,00:08,12,60,
DOW-01527,SFT-01016,M201,04:52,05:37,11,45,
DOW-01528,SFT-01017,M202,23:56,00:06,1,10,
DOW-01529,SFT-01017,M202,04:03,04:18,9,15,
DOW-01530,SFT-01019,M204,00:44,01:44,3,60,
DOW-01531,SFT-01020,M205,04:36,05:36,9,60,
DOW-01532,SFT-01021,M206,01:41,01:51,11,10,
DOW-01533,SFT-01021,M206,04:41,05:01,14,20,
DOW-01534,SFT-01022,M301,04:01,04:16,1,15,
DOW-01535,SFT-01022,M301,23:47,23:57,7,10,
DOW-01536,SFT-01023,M302,03:45,04:05,4,20,
DOW-01537,SFT-01023,M302,03:43,03:58,9,15,
DOW-01538,SFT-01024,M303,02:01,02:31,5,30,
DOW-01539,SFT-01024,M303,00:05,00:10,15,5,
DOW-01540,SFT-01025,M304,23:57,00:42,9,45,
DOW-01541,SFT-01026,M305,01:05,02:05,13,60,
DOW-01542,SFT-01026,M305,23:20,00:05,5,45,
DOW-01543,SFT-01026,M305,00:18,00:33,8,15,
DOW-01544,SFT-01027,M101,12:41,12:56,12,15,
DOW-01545,SFT-01027,M101,10:53,11:03,14,10,
DOW-01546,SFT-01027,M101,10:25,10:30,9,5,
DOW-01547,SFT-01028,M102,10:56,11:26,1,30,
DOW-01548,SFT-01028,M102,12:46,12:51,13,5,
DOW-01549,SFT-01029,M103,06:51,07:06,13,15,
DOW-01550,SFT-01029,M103,08:58,09:18,6,20,
DOW-01551,SFT-01029,M103,08:10,08:15,5,5,
DOW-01552,SFT-01030,M104,12:50,13:05,11,15,
DOW-01553,SFT-01030,M104,06:06,06:21,13,15,
DOW-01554,SFT-01032,M106,08:09,08:24,11,15,
DOW-01555,SFT-01032,M106,08:04,09:04,8,60,
DOW-01556,SFT-01032,M106,10:07,10:27,14,20,
DOW-01557,SFT-01033,M107,08:05,09:05,1,60,
DOW-01558,SFT-01033,M107,12:06,12:26,10,20,
DOW-01559,SFT-01033,M107,09:21,10:06,6,45,
DOW-01560,SFT-01035,M202,12:50,13:00,1,10,
DOW-01561,SFT-01035,M202,07:12,08:12,5,60,
DOW-01562,SFT-01035,M202,07:29,08:14,4,45,
DOW-01563,SFT-01036,M203,12:51,13:51,12,60,
DOW-01564,SFT-01036,M203,10:09,10:14,12,5,
DOW-01565,SFT-01037,M204,08:07,08:27,3,20,
DOW-01566,SFT-01040,M301,09:25,10:10,13,45,
DOW-01567,SFT-01041,M302,07:36,08:36,8,60,
DOW-01568,SFT-01041,M302,06:45,07:05,15,20,
DOW-01569,SFT-01041,M302,12:30,12:40,14,10,
DOW-01570,SFT-01043,M304,11:03,12:03,6,60,
DOW-01571,SFT-01043,M304,06:05,06:50,15,45,
DOW-01572,SFT-01043,M304,10:20,10:35,1,15,
DOW-01573,SFT-01044,M305,06:16,06:46,10,30,
DOW-01574,SFT-01044,M305,08:09,08:39,11,30,
DOW-01575,SFT-01044,M305,10:34,10:39,2,5,
DOW-01576,SFT-01046,M102,17:40,17:45,1,5,
DOW-01577,SFT-01047,M103,17:54,17:59,6,5,
DOW-01578,SFT-01047,M103,15:14,15:24,9,10,
DOW-01579,SFT-01047,M103,18:02,18:07,3,5,
DOW-01580,SFT-01050,M106,18:09,18:24,2,15,
DOW-01581,SFT-01050,M106,15:54,16:39,6,45,
DOW-01582,SFT-01050,M106,18:19,18:24,5,5,
DOW-01583,SFT-01051,M107,19:50,20:35,15,45,
DOW-01584,SFT-01052,M201,19:02,19:17,15,15,
DOW-01585,SFT-01052,M201,20:03,20:48,3,45,
DOW-01586,SFT-01052,M201,18:41,19:26,14,45,
DOW-01587,SFT-01053,M202,20:21,21:06,2,45,
DOW-01588,SFT-01054,M203,19:32,20:02,15,30,
DOW-01589,SFT-01054,M203,14:52,15:02,11,10,
DOW-01590,SFT-01054,M203,17:26,17:36,12,10,
DOW-01591,SFT-01057,M206,18:47,19:47,8,60,
DOW-01592,SFT-01058,M301,19:29,19:39,5,10,
DOW-01593,SFT-01058,M301,14:31,14:51,13,20,
DOW-01594,SFT-01058,M301,20:00,20:45,7,45,
DOW-01595,SFT-01059,M302,18:44,19:04,11,20,
DOW-01596,SFT-01062,M305,18:56,19:26,11,30,
DOW-01597,SFT-01062,M305,20:00,20:10,3,10,
DOW-01598,SFT-01062,M305,14:14,14:19,10,5,
DOW-01599,SFT-01063,M101,04:43,05:03,3,20,
DOW-01600,SFT-01064,M102,00:10,00:40,5,30,
DOW-01601,SFT-01065,M103,03:11,04:11,6,60,
DOW-01602,SFT-01066,M104,04:24,05:09,11,45,
DOW-01603,SFT-01066,M104,22:37,22:47,9,10,
DOW-01604,SFT-01067,M105,00:41,01:01,10,20,
DOW-01605,SFT-01068,M106,03:19,04:04,6,45,
DOW-01606,SFT-01070,M201,23:12,23:42,5,30,
DOW-01607,SFT-01071,M202,03:28,04:28,1,60,
DOW-01608,SFT-01072,M203,23:00,23:20,4,20,
DOW-01609,SFT-01072,M203,01:54,02:54,4,60,
DOW-01610,SFT-01073,M204,22:26,23:11,6,45,
DOW-01611,SFT-01073,M204,22:12,22:17,1,5,
DOW-01612,SFT-01073,M204,00:14,00:59,9,45,
DOW-01613,SFT-01074,M205,03:43,04:28,1,45,
DOW-01614,SFT-01075,M206,01:54,02:14,3,20,
DOW-01615,SFT-01075,M206,22:11,22:56,7,45,
DOW-01616,SFT-01076,M301,01:27,01:42,10,15,
DOW-01617,SFT-01077,M302,00:58,01:08,5,10,
DOW-01618,SFT-01078,M303,03:08,03:13,10,5,
DOW-01619,SFT-01078,M303,04:35,04:50,1,15,
DOW-01620,SFT-01078,M303,22:41,22:51,1,10,
DOW-01621,SFT-01079,M304,01:12,01:57,14,45,
DOW-01622,SFT-01079,M304,04:32,04:42,13,10,
DOW-01623,SFT-01080,M305,00:26,00:46,4,20,
DOW-01624,SFT-01080,M305,03:03,03:23,14,20,
DOW-01625,SFT-01080,M305,00:13,00:18,10,5,
DOW-01626,SFT-01081,M101,12:55,13:55,12,60,
DOW-01627,SFT-01083,M103,07:13,07:23,15,10,
DOW-01628,SFT-01083,M103,07:10,08:10,7,60,
DOW-01629,SFT-01084,M104,12:06,12:16,7,10,
DOW-01630,SFT-01085,M105,12:13,12:58,8,45,
DOW-01631,SFT-01085,M105,08:33,08:53,3,20,
DOW-01632,SFT-01086,M106,08:41,09:11,8,30,
DOW-01633,SFT-01086,M106,11:02,11:07,2,5,
DOW-01634,SFT-01087,M107,08:11,08:21,12,10,
DOW-01635,SFT-01087,M107,11:03,11:08,8,5,
DOW-01636,SFT-01090,M203,11:25,11:45,9,20,
DOW-01637,SFT-01090,M203,11:13,11:23,2,10,
DOW-01638,SFT-01090,M203,06:47,07:32,15,45,
DOW-01639,SFT-01091,M204,12:36,13:06,14,30,
DOW-01640,SFT-01091,M204,12:34,12:39,1,5,
DOW-01641,SFT-01091,M204,07:05,07:25,11,20,
DOW-01642,SFT-01093,M206,06:53,07:08,5,15,
DOW-01643,SFT-01096,M303,08:15,09:00,15,45,
DOW-01644,SFT-01098,M305,07:54,08:24,13,30,
DOW-01645,SFT-01098,M305,07:09,07:14,10,5,
DOW-01646,SFT-01099,M101,16:17,16:37,11,20,
DOW-01647,SFT-01099,M101,18:38,19:23,7,45,
DOW-01648,SFT-01100,M102,17:09,17:14,3,5,
DOW-01649,SFT-01100,M102,17:05,18:05,5,60,
DOW-01650,SFT-01100,M102,16:18,16:48,5,30,
DOW-01651,SFT-01102,M104,16:12,17:12,5,60,
DOW-01652,SFT-01102,M104,16:26,16:41,14,15,
DOW-01653,SFT-01103,M105,17:12,17:42,12,30,
DOW-01654,SFT-01103,M105,20:16,20:46,14,30,
DOW-01655,SFT-01105,M107,19:39,20:09,5,30,
DOW-01656,SFT-01105,M107,17:05,17:15,14,10,
DOW-01657,SFT-01106,M201,15:13,15:43,11,30,
DOW-01658,SFT-01107,M202,17:17,17:37,9,20,
DOW-01659,SFT-01108,M203,15:27,15:57,2,30,
DOW-01660,SFT-01109,M204,18:36,19:06,11,30,
DOW-01661,SFT-01109,M204,19:44,19:49,6,5,
DOW-01662,SFT-01111,M206,19:46,20:16,14,30,
DOW-01663,SFT-01112,M301,20:30,20:50,14,20,
DOW-01664,SFT-01112,M301,19:09,19:14,15,5,
DOW-01665,SFT-01112,M301,20:14,20:34,13,20,
DOW-01666,SFT-01114,M303,14:02,14:32,10,30,
DOW-01667,SFT-01114,M303,17:13,17:43,2,30,
DOW-01668,SFT-01114,M303,19:28,19:48,7,20,
DOW-01669,SFT-01116,M305,18:46,19:46,6,60,
DOW-01670,SFT-01116,M305,14:36,14:51,3,15,
DOW-01671,SFT-01117,M101,04:39,04:59,14,20,
DOW-01672,SFT-01117,M101,02:05,02:20,1,15,
DOW-01673,SFT-01118,M102,02:29,02:39,5,10,
DOW-01674,SFT-01119,M103,03:51,04:11,3,20,
DOW-01675,SFT-01119,M103,01:03,01:48,6,45,
DOW-01676,SFT-01119,M103,00:50,01:20,2,30,
DOW-01677,SFT-01121,M105,23:01,23:11,14,10,
DOW-01678,SFT-01122,M106,02:21,02:36,9,15,
DOW-01679,SFT-01124,M201,01:41,01:56,15,15,
DOW-01680,SFT-01124,M201,03:30,03:45,14,15,
DOW-01681,SFT-01125,M202,00:21,00:26,1,5,
DOW-01682,SFT-01125,M202,22:44,22:59,6,15,
DOW-01683,SFT-01126,M203,01:04,01:14,2,10,
DOW-01684,SFT-01126,M203,00:49,00:59,1,10,
DOW-01685,SFT-01126,M203,22:33,23:03,7,30,
DOW-01686,SFT-01128,M205,04:02,04:32,2,30,
DOW-01687,SFT-01129,M206,04:59,05:14,14,15,
DOW-01688,SFT-01129,M206,04:36,04:46,10,10,
DOW-01689,SFT-01129,M206,23:06,23:16,1,10,
DOW-01690,SFT-01130,M301,22:38,22:48,2,10,
DOW-01691,SFT-01130,M301,01:02,01:12,8,10,
DOW-01692,SFT-01131,M302,02:52,03:37,11,45,
DOW-01693,SFT-01131,M302,03:19,03:49,5,30,
DOW-01694,SFT-01131,M302,22:23,23:23,15,60,
DOW-01695,SFT-01132,M303,22:42,23:12,2,30,
DOW-01696,SFT-01133,M304,23:28,00:28,11,60,
DOW-01697,SFT-01133,M304,04:26,05:26,5,60,
DOW-01698,SFT-01133,M304,03:59,04:59,15,60,
DOW-01699,SFT-01134,M305,02:58,03:28,10,30,
DOW-01700,SFT-01134,M305,04:15,04:45,1,30,
DOW-01701,SFT-01134,M305,01:32,02:02,6,30,
DOW-01702,SFT-01135,M101,08:38,08:53,9,15,
DOW-01703,SFT-01137,M103,12:52,13:37,12,45,
DOW-01704,SFT-01137,M103,11:53,12:13,5,20,
DOW-01705,SFT-01137,M103,12:21,12:36,10,15,
DOW-01706,SFT-01138,M104,08:14,08:34,7,20,
DOW-01707,SFT-01139,M105,10:15,10:25,1,10,
DOW-01708,SFT-01141,M107,12:44,13:44,7,60,
DOW-01709,SFT-01142,M201,10:42,11:27,10,45,
DOW-01710,SFT-01145,M204,08:16,08:31,2,15,
DOW-01711,SFT-01145,M204,07:36,08:06,9,30,
DOW-01712,SFT-01147,M206,09:15,10:15,12,60,
DOW-01713,SFT-01150,M303,12:58,13:03,3,5,
DOW-01714,SFT-01151,M304,08:27,08:47,13,20,
DOW-01715,SFT-01151,M304,07:31,07:46,6,15,
DOW-01716,SFT-01154,M102,14:06,14:21,9,15,
DOW-01717,SFT-01155,M103,15:48,16:33,2,45,
DOW-01718,SFT-01155,M103,19:08,19:23,4,15,
DOW-01719,SFT-01157,M105,16:23,16:53,10,30,
DOW-01720,SFT-01157,M105,18:52,19:22,8,30,
DOW-01721,SFT-01158,M106,14:47,15:47,10,60,
DOW-01722,SFT-01158,M106,18:19,18:49,3,30,
DOW-01723,SFT-01158,M106,20:43,21:28,8,45,
DOW-01724,SFT-01159,M107,15:26,15:41,10,15,
DOW-01725,SFT-01160,M201,19:57,20:12,10,15,
DOW-01726,SFT-01161,M202,20:33,20:48,1,15,
DOW-01727,SFT-01161,M202,16:57,17:42,14,45,
DOW-01728,SFT-01162,M203,15:57,16:57,1,60,
DOW-01729,SFT-01164,M205,19:03,19:08,9,5,
DOW-01730,SFT-01164,M205,16:16,16:36,6,20,
DOW-01731,SFT-01164,M205,20:04,20:09,5,5,
DOW-01732,SFT-01165,M206,19:39,20:09,9,30,
DOW-01733,SFT-01165,M206,16:32,16:42,15,10,
DOW-01734,SFT-01165,M206,17:58,18:18,14,20,
DOW-01735,SFT-01168,M303,15:45,16:05,14,20,
DOW-01736,SFT-01168,M303,15:53,16:23,15,30,
DOW-01737,SFT-01171,M101,04:20,04:50,11,30,
DOW-01738,SFT-01171,M101,22:05,22:15,5,10,
DOW-01739,SFT-01171,M101,02:22,02:27,3,5,
DOW-01740,SFT-01173,M103,04:40,04:50,15,10,
DOW-01741,SFT-01174,M104,23:07,23:27,7,20,
DOW-01742,SFT-01174,M104,23:13,23:33,2,20,
DOW-01743,SFT-01174,M104,02:35,02:40,10,5,
DOW-01744,SFT-01175,M105,22:49,23:09,5,20,
DOW-01745,SFT-01176,M106,04:57,05:42,8,45,
DOW-01746,SFT-01177,M107,22:59,23:14,6,15,
DOW-01747,SFT-01177,M107,01:17,01:27,10,10,
DOW-01748,SFT-01179,M202,00:03,00:33,1,30,
DOW-01749,SFT-01179,M202,02:46,03:06,9,20,
DOW-01750,SFT-01180,M203,02:52,02:57,11,5,
DOW-01751,SFT-01182,M205,04:50,05:20,5,30,
DOW-01752,SFT-01182,M205,23:21,23:36,4,15,
DOW-01753,SFT-01183,M206,03:48,03:53,12,5,
DOW-01754,SFT-01183,M206,01:45,02:00,4,15,
DOW-01755,SFT-01184,M301,02:08,02:13,13,5,
DOW-01756,SFT-01185,M302,23:13,23:28,1,15,
DOW-01757,SFT-01187,M304,02:30,03:30,9,60,
DOW-01758,SFT-01188,M305,23:10,23:55,13,45,
DOW-01759,SFT-01189,M101,07:17,07:47,1,30,
DOW-01760,SFT-01189,M101,08:51,09:51,8,60,
DOW-01761,SFT-01189,M101,10:58,11:18,13,20,
DOW-01762,SFT-01190,M102,07:29,07:44,3,15,
DOW-01763,SFT-01190,M102,06:49,07:19,9,30,
DOW-01764,SFT-01190,M102,07:40,08:00,6,20,
DOW-01765,SFT-01191,M103,07:11,07:31,15,20,
DOW-01766,SFT-01191,M103,10:05,10:10,7,5,
DOW-01767,SFT-01191,M103,06:39,06:49,10,10,
DOW-01768,SFT-01192,M104,09:32,09:37,7,5,
DOW-01769,SFT-01192,M104,07:13,08:13,14,60,
DOW-01770,SFT-01192,M104,06:09,06:29,7,20,
DOW-01771,SFT-01194,M106,07:32,07:47,13,15,
DOW-01772,SFT-01195,M107,12:22,13:22,3,60,
DOW-01773,SFT-01195,M107,09:28,09:58,9,30,
DOW-01774,SFT-01196,M201,08:09,08:19,14,10,
DOW-01775,SFT-01196,M201,08:05,09:05,6,60,
DOW-01776,SFT-01197,M202,06:22,07:07,10,45,
DOW-01777,SFT-01198,M203,07:43,07:58,2,15,
DOW-01778,SFT-01200,M205,10:58,11:03,6,5,
DOW-01779,SFT-01200,M205,11:35,11:55,12,20,
DOW-01780,SFT-01200,M205,09:51,10:06,8,15,
DOW-01781,SFT-01201,M206,09:54,10:39,2,45,
DOW-01782,SFT-01202,M301,11:04,11:14,10,10,
DOW-01783,SFT-01203,M302,12:05,12:10,2,5,
DOW-01784,SFT-01203,M302,10:18,10:28,8,10,
DOW-01785,SFT-01203,M302,06:01,06:21,10,20,
DOW-01786,SFT-01204,M303,09:07,09:27,8,20,
DOW-01787,SFT-01204,M303,07:34,08:34,4,60,
DOW-01788,SFT-01207,M101,15:21,15:31,10,10,
DOW-01789,SFT-01209,M103,15:21,15:41,7,20,
DOW-01790,SFT-01210,M104,16:04,16:49,3,45,
DOW-01791,SFT-01210,M104,19:42,20:02,1,20,
DOW-01792,SFT-01210,M104,14:49,14:59,6,10,
DOW-01793,SFT-01212,M106,20:12,20:27,5,15,
DOW-01794,SFT-01212,M106,18:30,18:50,9,20,
DOW-01795,SFT-01213,M107,14:33,15:18,15,45,
DOW-01796,SFT-01213,M107,18:11,18:56,7,45,
DOW-01797,SFT-01213,M107,20:45,21:45,8,60,
DOW-01798,SFT-01214,M201,18:53,18:58,8,5,
DOW-01799,SFT-01214,M201,17:59,18:04,10,5,
DOW-01800,SFT-01214,M201,14:09,14:39,13,30,
DOW-01801,SFT-01215,M202,16:43,17:43,3,60,
DOW-01802,SFT-01216,M203,16:35,17:20,15,45,
DOW-01803,SFT-01216,M203,16:33,16:48,14,15,
DOW-01804,SFT-01216,M203,16:32,17:02,13,30,
DOW-01805,SFT-01217,M204,17:24,17:54,11,30,
DOW-01806,SFT-01217,M204,14:57,15:12,4,15,
DOW-01807,SFT-01217,M204,16:27,16:57,4,30,
DOW-01808,SFT-01218,M205,17:09,17:29,15,20,
DOW-01809,SFT-01218,M205,19:34,19:44,15,10,
DOW-01810,SFT-01219,M206,15:42,15:57,8,15,
DOW-01811,SFT-01219,M206,15:04,16:04,5,60,
DOW-01812,SFT-01219,M206,19:02,19:32,9,30,
DOW-01813,SFT-01220,M301,16:27,16:37,3,10,
DOW-01814,SFT-01221,M302,16:26,17:11,13,45,
DOW-01815,SFT-01221,M302,14:16,14:31,5,15,
DOW-01816,SFT-01221,M302,15:59,16:59,15,60,
DOW-01817,SFT-01222,M303,20:25,20:30,13,5,
DOW-01818,SFT-01222,M303,14:36,15:06,1,30,
DOW-01819,SFT-01222,M303,16:13,17:13,15,60,
DOW-01820,SFT-01223,M304,16:06,16:26,2,20,
DOW-01821,SFT-01225,M101,03:00,03:45,2,45,
DOW-01822,SFT-01225,M101,00:40,01:10,5,30,
DOW-01823,SFT-01226,M102,00:39,01:24,8,45,
DOW-01824,SFT-01228,M104,22:53,23:03,13,10,
DOW-01825,SFT-01228,M104,04:38,05:23,9,45,
DOW-01826,SFT-01228,M104,22:48,23:48,4,60,
DOW-01827,SFT-01229,M105,00:42,01:12,5,30,
DOW-01828,SFT-01230,M106,04:27,04:47,1,20,
DOW-01829,SFT-01231,M107,04:33,04:43,15,10,
DOW-01830,SFT-01231,M107,01:03,01:33,6,30,
DOW-01831,SFT-01231,M107,00:17,00:47,2,30,
DOW-01832,SFT-01232,M201,01:05,02:05,6,60,
DOW-01833,SFT-01233,M202,01:18,02:03,2,45,
DOW-01834,SFT-01233,M202,02:39,03:24,5,45,
DOW-01835,SFT-01233,M202,00:09,00:24,6,15,
DOW-01836,SFT-01234,M203,03:47,04:07,2,20,
DOW-01837,SFT-01236,M205,23:07,23:52,11,45,
DOW-01838,SFT-01237,M206,03:46,04:16,5,30,
DOW-01839,SFT-01237,M206,01:11,01:21,6,10,
DOW-01840,SFT-01238,M301,00:55,01:55,8,60,
DOW-01841,SFT-01238,M301,01:47,01:57,2,10,
DOW-01842,SFT-01240,M303,01:15,02:15,12,60,
DOW-01843,SFT-01240,M303,03:57,04:02,13,5,
DOW-01844,SFT-01240,M303,00:27,01:12,15,45,
DOW-01845,SFT-01242,M305,04:16,04:46,3,30,
DOW-01846,SFT-01242,M305,02:52,02:57,1,5,
DOW-01847,SFT-01245,M103,06:51,07:51,13,60,
DOW-01848,SFT-01245,M103,11:55,12:15,10,20,
DOW-01849,SFT-01246,M104,10:52,11:37,6,45,
DOW-01850,SFT-01246,M104,06:03,06:33,12,30,
DOW-01851,SFT-01246,M104,10:29,10:59,8,30,
DOW-01852,SFT-01247,M105,06:57,07:07,7,10,
DOW-01853,SFT-01249,M107,08:42,09:02,13,20,
DOW-01854,SFT-01249,M107,07:47,08:17,14,30,
DOW-01855,SFT-01250,M201,07:29,07:49,15,20,
DOW-01856,SFT-01250,M201,09:31,09:36,8,5,
DOW-01857,SFT-01250,M201,09:45,09:55,14,10,
DOW-01858,SFT-01251,M202,12:17,13:02,4,45,
DOW-01859,SFT-01251,M202,08:21,09:06,7,45,
DOW-01860,SFT-01251,M202,08:55,09:05,5,10,
DOW-01861,SFT-01252,M203,09:50,10:05,1,15,
DOW-01862,SFT-01254,M205,10:46,11:01,6,15,
DOW-01863,SFT-01254,M205,07:18,07:33,1,15,
DOW-01864,SFT-01254,M205,11:16,11:36,5,20,
DOW-01865,SFT-01255,M206,12:29,13:29,9,60,
DOW-01866,SFT-01255,M206,06:13,07:13,13,60,
DOW-01867,SFT-01255,M206,07:30,07:40,12,10,
DOW-01868,SFT-01256,M301,09:01,09:06,3,5,
DOW-01869,SFT-01256,M301,10:15,10:45,12,30,
DOW-01870,SFT-01257,M302,10:37,10:42,10,5,
DOW-01871,SFT-01259,M304,09:42,09:47,3,5,
DOW-01872,SFT-01259,M304,06:43,06:58,14,15,
DOW-01873,SFT-01260,M305,12:01,12:16,8,15,
DOW-01874,SFT-01260,M305,10:39,10:54,3,15,
DOW-01875,SFT-01260,M305,08:58,09:43,9,45,
DOW-01876,SFT-01261,M101,18:20,18:40,11,20,
DOW-01877,SFT-01261,M101,16:53,17:08,7,15,
DOW-01878,SFT-01261,M101,17:10,17:15,7,5,
DOW-01879,SFT-01263,M103,15:22,15:52,5,30,
DOW-01880,SFT-01264,M104,18:07,18:37,3,30,
DOW-01881,SFT-01265,M105,15:43,16:43,9,60,
DOW-01882,SFT-01265,M105,16:14,16:44,15,30,
DOW-01883,SFT-01265,M105,20:21,20:41,8,20,
DOW-01884,SFT-01266,M106,14:57,15:17,11,20,
DOW-01885,SFT-01266,M106,15:34,16:19,9,45,
DOW-01886,SFT-01267,M107,20:57,21:12,9,15,
DOW-01887,SFT-01267,M107,17:10,17:25,9,15,
DOW-01888,SFT-01268,M201,19:36,19:56,8,20,
DOW-01889,SFT-01268,M201,14:12,15:12,11,60,
DOW-01890,SFT-01270,M203,19:59,20:14,8,15,
DOW-01891,SFT-01270,M203,20:58,21:13,5,15,
DOW-01892,SFT-01270,M203,14:13,15:13,10,60,
DOW-01893,SFT-01272,M205,20:00,20:45,12,45,
DOW-01894,SFT-01273,M206,17:25,17:40,7,15,
DOW-01895,SFT-01273,M206,20:16,20:26,1,10,
DOW-01896,SFT-01274,M301,18:22,18:27,13,5,
DOW-01897,SFT-01274,M301,14:51,15:21,1,30,
DOW-01898,SFT-01274,M301,16:59,17:19,7,20,
DOW-01899,SFT-01275,M302,14:02,14:07,7,5,
DOW-01900,SFT-01275,M302,20:42,20:57,13,15,
DOW-01901,SFT-01275,M302,16:45,17:30,5,45,
DOW-01902,SFT-01276,M303,17:39,18:24,9,45,
DOW-01903,SFT-01278,M305,15:37,16:22,11,45,
DOW-01904,SFT-01278,M305,20:28,20:33,7,5,
DOW-01905,SFT-01278,M305,14:19,14:34,12,15,
DOW-01906,SFT-01280,M102,22:43,23:43,2,60,
DOW-01907,SFT-01280,M102,03:40,03:50,1,10,
DOW-01908,SFT-01281,M103,00:47,01:02,5,15,
DOW-01909,SFT-01281,M103,01:59,02:59,7,60,
DOW-01910,SFT-01282,M104,03:56,04:56,15,60,
DOW-01911,SFT-01282,M104,23:23,23:43,9,20,
DOW-01912,SFT-01283,M105,23:52,00:22,11,30,
DOW-01913,SFT-01284,M106,01:13,01:23,8,10,
DOW-01914,SFT-01284,M106,23:56,00:11,8,15,
DOW-01915,SFT-01285,M107,01:34,02:19,11,45,
DOW-01916,SFT-01285,M107,22:31,22:36,2,5,
DOW-01917,SFT-01285,M107,00:19,00:49,4,30,
DOW-01918,SFT-01286,M201,22:43,23:28,15,45,
DOW-01919,SFT-01286,M201,22:26,22:36,15,10,
DOW-01920,SFT-01287,M202,01:01,01:16,11,15,
DOW-01921,SFT-01287,M202,23:20,23:30,6,10,
DOW-01922,SFT-01289,M204,22:54,23:14,7,20,
DOW-01923,SFT-01290,M205,22:22,22:32,14,10,
DOW-01924,SFT-01290,M205,02:37,03:37,7,60,
DOW-01925,SFT-01292,M301,02:05,02:50,14,45,
DOW-01926,SFT-01292,M301,22:38,22:58,10,20,
DOW-01927,SFT-01292,M301,01:22,01:52,6,30,
DOW-01928,SFT-01295,M304,22:46,23:06,12,20,
DOW-01929,SFT-01296,M305,23:46,00:06,11,20,
DOW-01930,SFT-01297,M101,11:01,11:06,7,5,
DOW-01931,SFT-01297,M101,07:53,08:23,4,30,
DOW-01932,SFT-01298,M102,08:55,09:05,7,10,
DOW-01933,SFT-01299,M103,06:45,06:50,7,5,
DOW-01934,SFT-01300,M104,10:23,10:53,7,30,
DOW-01935,SFT-01300,M104,09:13,09:28,9,15,
DOW-01936,SFT-01300,M104,09:44,09:59,8,15,
DOW-01937,SFT-01302,M106,12:42,12:52,4,10,
DOW-01938,SFT-01303,M107,09:15,09:30,15,15,
DOW-01939,SFT-01303,M107,10:46,11:46,2,60,
DOW-01940,SFT-01303,M107,07:18,08:03,13,45,
DOW-01941,SFT-01304,M201,09:10,09:20,1,10,
DOW-01942,SFT-01304,M201,06:51,07:21,7,30,
DOW-01943,SFT-01304,M201,10:06,10:36,7,30,
DOW-01944,SFT-01305,M202,10:42,11:02,9,20,
DOW-01945,SFT-01305,M202,08:55,09:55,13,60,
DOW-01946,SFT-01305,M202,08:30,08:35,1,5,
DOW-01947,SFT-01309,M206,10:07,10:12,6,5,
DOW-01948,SFT-01309,M206,10:56,11:56,5,60,
DOW-01949,SFT-01309,M206,12:28,12:43,8,15,
DOW-01950,SFT-01310,M301,07:04,07:49,5,45,
DOW-01951,SFT-01310,M301,10:09,10:19,7,10,
DOW-01952,SFT-01312,M303,09:54,10:09,9,15,
DOW-01953,SFT-01312,M303,09:55,10:05,12,10,
DOW-01954,SFT-01312,M303,12:52,13:02,4,10,
DOW-01955,SFT-01315,M101,18:53,19:08,8,15,
DOW-01956,SFT-01316,M102,15:10,15:40,12,30,
DOW-01957,SFT-01316,M102,17:09,17:29,10,20,
DOW-01958,SFT-01316,M102,15:11,15:31,10,20,
DOW-01959,SFT-01317,M103,17:47,18:47,4,60,
DOW-01960,SFT-01318,M104,20:11,20:21,3,10,
DOW-01961,SFT-01318,M104,14:58,15:03,14,5,
DOW-01962,SFT-01319,M105,20:59,21:29,11,30,
DOW-01963,SFT-01319,M105,14:22,14:32,15,10,
DOW-01964,SFT-01320,M106,17:42,17:57,7,15,
DOW-01965,SFT-01320,M106,19:34,19:49,5,15,
DOW-01966,SFT-01320,M106,16:37,17:37,15,60,
DOW-01967,SFT-01322,M201,18:36,18:51,2,15,
DOW-01968,SFT-01323,M202,20:34,21:34,9,60,
DOW-01969,SFT-01323,M202,19:57,20:07,5,10,
DOW-01970,SFT-01324,M203,15:10,16:10,5,60,
DOW-01971,SFT-01325,M204,14:43,15:43,10,60,
DOW-01972,SFT-01325,M204,20:57,21:57,13,60,
DOW-01973,SFT-01326,M205,15:28,15:38,9,10,
DOW-01974,SFT-01326,M205,14:14,14:59,10,45,
DOW-01975,SFT-01327,M206,19:55,20:40,13,45,
DOW-01976,SFT-01327,M206,18:24,19:24,2,60,
DOW-01977,SFT-01327,M206,18:00,18:15,1,15,
DOW-01978,SFT-01329,M302,16:44,17:44,9,60,
DOW-01979,SFT-01329,M302,16:27,17:27,10,60,
DOW-01980,SFT-01329,M302,18:33,18:48,2,15,
DOW-01981,SFT-01331,M304,20:58,21:43,10,45,
DOW-01982,SFT-01331,M304,15:19,16:04,2,45,
DOW-01983,SFT-01333,M101,23:25,23:45,10,20,
DOW-01984,SFT-01333,M101,03:20,03:30,10,10,
DOW-01985,SFT-01333,M101,02:30,03:15,3,45,
DOW-01986,SFT-01334,M102,02:14,03:14,2,60,
DOW-01987,SFT-01334,M102,04:31,04:51,9,20,
DOW-01988,SFT-01334,M102,03:25,03:35,15,10,
DOW-01989,SFT-01336,M104,03:22,03:42,11,20,
DOW-01990,SFT-01336,M104,04:04,04:14,7,10,
DOW-01991,SFT-01337,M105,22:27,23:12,5,45,
DOW-01992,SFT-01338,M106,23:10,00:10,4,60,
DOW-01993,SFT-01338,M106,02:44,02:54,8,10,
DOW-01994,SFT-01339,M107,02:25,02:45,9,20,
DOW-01995,SFT-01340,M201,23:11,00:11,7,60,
DOW-01996,SFT-01340,M201,03:22,03:42,9,20,
DOW-01997,SFT-01340,M201,03:06,03:16,13,10,
DOW-01998,SFT-01342,M203,22:06,22:21,6,15,
DOW-01999,SFT-01342,M203,03:09,03:39,7,30,
DOW-02000,SFT-01342,M203,02:52,03:37,3,45,
DOW-02001,SFT-01343,M204,22:15,22:35,9,20,
DOW-02002,SFT-01344,M205,04:24,04:29,12,5,
DOW-02003,SFT-01345,M206,22:40,23:00,15,20,
DOW-02004,SFT-01345,M206,23:28,23:43,13,15,
DOW-02005,SFT-01346,M301,02:52,03:52,10,60,
DOW-02006,SFT-01347,M302,04:49,05:49,4,60,
DOW-02007,SFT-01347,M302,04:49,05:49,13,60,
DOW-02008,SFT-01347,M302,22:27,22:42,11,15,
DOW-02009,SFT-01348,M303,04:08,04:18,1,10,
DOW-02010,SFT-01349,M304,23:17,23:27,1,10,
DOW-02011,SFT-01349,M304,22:27,22:47,4,20,
DOW-02012,SFT-01350,M305,03:49,04:34,7,45,
DOW-02013,SFT-01350,M305,04:18,04:38,14,20,
DOW-02014,SFT-01350,M305,04:03,05:03,3,60,
DOW-02015,SFT-01351,M101,10:01,11:01,2,60,
DOW-02016,SFT-01351,M101,06:50,07:05,1,15,
DOW-02017,SFT-01351,M101,07:04,07:49,11,45,
DOW-02018,SFT-01352,M102,12:44,13:04,13,20,
DOW-02019,SFT-01352,M102,10:01,10:16,13,15,
DOW-02020,SFT-01354,M104,09:18,09:38,2,20,
DOW-02021,SFT-01354,M104,11:27,12:12,9,45,
DOW-02022,SFT-01356,M106,07:00,07:30,5,30,
DOW-02023,SFT-01357,M107,11:37,12:37,1,60,
DOW-02024,SFT-01359,M202,09:29,09:44,8,15,
DOW-02025,SFT-01359,M202,12:28,12:43,12,15,
DOW-02026,SFT-01359,M202,09:54,10:04,6,10,
DOW-02027,SFT-01360,M203,12:27,12:37,3,10,
DOW-02028,SFT-01361,M204,07:10,07:25,3,15,
DOW-02029,SFT-01361,M204,08:20,08:30,2,10,
DOW-02030,SFT-01361,M204,12:23,12:53,13,30,
DOW-02031,SFT-01362,M205,12:13,12:23,14,10,
DOW-02032,SFT-01362,M205,07:57,08:57,11,60,
DOW-02033,SFT-01362,M205,09:48,10:48,9,60,
DOW-02034,SFT-01364,M301,06:56,07:01,9,5,
DOW-02035,SFT-01364,M301,10:32,10:47,12,15,
DOW-02036,SFT-01364,M301,08:12,08:32,10,20,
DOW-02037,SFT-01367,M304,09:04,09:14,8,10,
DOW-02038,SFT-01368,M305,06:29,07:14,7,45,
DOW-02039,SFT-01368,M305,08:32,08:42,15,10,
DOW-02040,SFT-01369,M101,15:45,16:30,6,45,
DOW-02041,SFT-01369,M101,20:26,21:26,14,60,
DOW-02042,SFT-01369,M101,17:15,17:45,8,30,
DOW-02043,SFT-01372,M104,20:38,20:48,9,10,
DOW-02044,SFT-01372,M104,15:59,16:04,1,5,
DOW-02045,SFT-01372,M104,18:49,18:54,8,5,
DOW-02046,SFT-01373,M105,15:04,15:19,7,15,
DOW-02047,SFT-01373,M105,14:01,14:11,6,10,
DOW-02048,SFT-01375,M107,18:13,18:43,9,30,
DOW-02049,SFT-01375,M107,17:18,17:48,10,30,
DOW-02050,SFT-01377,M202,14:05,14:35,5,30,
DOW-02051,SFT-01378,M203,19:17,19:37,8,20,
DOW-02052,SFT-01379,M204,19:11,19:31,9,20,
DOW-02053,SFT-01379,M204,16:04,16:34,4,30,
DOW-02054,SFT-01380,M205,20:25,20:35,11,10,
DOW-02055,SFT-01380,M205,20:24,20:34,5,10,
DOW-02056,SFT-01380,M205,16:32,17:32,5,60,
DOW-02057,SFT-01381,M206,14:47,14:52,1,5,
DOW-02058,SFT-01381,M206,16:59,17:04,10,5,
DOW-02059,SFT-01382,M301,19:10,19:25,12,15,
DOW-02060,SFT-01382,M301,15:52,16:52,8,60,
DOW-02061,SFT-01382,M301,20:14,20:44,13,30,
DOW-02062,SFT-01384,M303,16:30,17:30,13,60,
DOW-02063,SFT-01384,M303,16:24,16:54,5,30,
DOW-02064,SFT-01385,M304,17:28,18:28,11,60,
DOW-02065,SFT-01385,M304,15:13,15:28,15,15,
DOW-02066,SFT-01385,M304,20:48,21:03,2,15,
DOW-02067,SFT-01386,M305,15:52,16:07,8,15,
DOW-02068,SFT-01388,M102,03:23,03:28,4,5,
DOW-02069,SFT-01389,M103,02:52,03:02,9,10,
DOW-02070,SFT-01389,M103,04:55,05:55,15,60,
DOW-02071,SFT-01389,M103,01:42,01:57,9,15,
DOW-02072,SFT-01392,M106,03:12,03:27,3,15,
DOW-02073,SFT-01392,M106,22:23,22:38,5,15,
DOW-02074,SFT-01392,M106,23:15,00:15,10,60,
DOW-02075,SFT-01393,M107,23:56,00:01,9,5,
DOW-02076,SFT-01395,M202,00:46,01:16,11,30,
DOW-02077,SFT-01395,M202,23:06,23:11,15,5,
DOW-02078,SFT-01395,M202,04:28,05:13,14,45,
DOW-02079,SFT-01396,M203,22:33,22:43,13,10,
DOW-02080,SFT-01396,M203,23:40,23:50,1,10,
DOW-02081,SFT-01398,M205,03:28,03:58,9,30,
DOW-02082,SFT-01399,M206,02:39,02:49,14,10,
DOW-02083,SFT-01399,M206,22:50,23:10,15,20,
DOW-02084,SFT-01400,M301,04:19,05:19,9,60,
DOW-02085,SFT-01402,M303,04:43,05:03,5,20,
DOW-02086,SFT-01402,M303,04:15,05:15,1,60,
DOW-02087,SFT-01402,M303,22:33,22:53,5,20,
DOW-02088,SFT-01403,M304,02:01,02:31,10,30,
DOW-02089,SFT-01403,M304,23:36,23:51,3,15,
DOW-02090,SFT-01404,M305,00:10,00:40,7,30,
DOW-02091,SFT-01404,M305,23:02,23:12,12,10,
DOW-02092,SFT-01405,M101,11:09,11:29,6,20,
DOW-02093,SFT-01405,M101,10:51,11:21,6,30,
DOW-02094,SFT-01405,M101,10:27,10:57,4,30,
DOW-02095,SFT-01406,M102,11:25,11:45,5,20,
DOW-02096,SFT-01407,M103,12:10,12:40,1,30,
DOW-02097,SFT-01407,M103,08:58,09:28,4,30,
DOW-02098,SFT-01407,M103,08:25,08:35,13,10,
DOW-02099,SFT-01408,M104,06:00,06:15,1,15,
DOW-02100,SFT-01408,M104,11:29,11:59,8,30,
DOW-02101,SFT-01409,M105,06:00,06:30,14,30,
DOW-02102,SFT-01409,M105,07:39,07:44,3,5,
DOW-02103,SFT-01410,M106,08:11,08:31,9,20,
DOW-02104,SFT-01410,M106,09:07,09:17,3,10,
DOW-02105,SFT-01412,M201,09:13,09:43,11,30,
DOW-02106,SFT-01412,M201,06:53,07:53,10,60,
DOW-02107,SFT-01412,M201,11:02,11:47,14,45,
DOW-02108,SFT-01414,M203,07:06,07:11,3,5,
DOW-02109,SFT-01414,M203,08:44,09:04,2,20,
DOW-02110,SFT-01415,M204,09:57,10:17,12,20,
DOW-02111,SFT-01416,M205,07:35,07:45,14,10,
DOW-02112,SFT-01416,M205,12:34,12:54,15,20,
DOW-02113,SFT-01416,M205,12:49,13:04,5,15,
DOW-02114,SFT-01417,M206,07:23,08:23,9,60,
DOW-02115,SFT-01417,M206,10:34,10:49,11,15,
DOW-02116,SFT-01417,M206,12:06,12:11,4,5,
DOW-02117,SFT-01418,M301,10:44,10:59,5,15,
DOW-02118,SFT-01418,M301,09:57,10:12,15,15,
DOW-02119,SFT-01418,M301,10:59,11:19,6,20,
DOW-02120,SFT-01420,M303,07:08,07:28,12,20,
DOW-02121,SFT-01420,M303,09:36,09:51,3,15,
DOW-02122,SFT-01420,M303,07:31,07:46,11,15,
DOW-02123,SFT-01421,M304,09:03,09:23,13,20,
DOW-02124,SFT-01421,M304,10:28,10:48,14,20,
DOW-02125,SFT-01421,M304,07:44,08:44,13,60,
DOW-02126,SFT-01423,M101,16:15,16:35,5,20,
DOW-02127,SFT-01424,M102,14:31,15:16,8,45,
DOW-02128,SFT-01425,M103,14:33,15:03,5,30,
DOW-02129,SFT-01425,M103,20:45,21:15,2,30,
DOW-02130,SFT-01426,M104,16:18,16:28,1,10,
DOW-02131,SFT-01427,M105,16:47,17:02,10,15,
DOW-02132,SFT-01427,M105,15:38,15:53,9,15,
DOW-02133,SFT-01429,M107,16:59,17:44,3,45,
DOW-02134,SFT-01429,M107,15:56,16:06,13,10,
DOW-02135,SFT-01429,M107,20:13,20:58,4,45,
DOW-02136,SFT-01430,M201,18:11,19:11,14,60,
DOW-02137,SFT-01430,M201,15:56,16:01,2,5,
DOW-02138,SFT-01431,M202,20:52,21:07,8,15,
DOW-02139,SFT-01431,M202,17:39,17:44,6,5,
DOW-02140,SFT-01431,M202,18:29,19:29,12,60,
DOW-02141,SFT-01432,M203,20:44,21:14,9,30,
DOW-02142,SFT-01434,M205,16:22,16:32,3,10,
DOW-02143,SFT-01435,M206,18:18,18:23,1,5,
DOW-02144,SFT-01435,M206,16:35,17:35,7,60,
DOW-02145,SFT-01436,M301,19:59,20:59,6,60,
DOW-02146,SFT-01437,M302,19:11,19:56,10,45,
DOW-02147,SFT-01437,M302,16:08,17:08,6,60,
DOW-02148,SFT-01437,M302,19:22,20:07,1,45,
DOW-02149,SFT-01439,M304,16:12,16:17,9,5,
DOW-02150,SFT-01439,M304,14:50,15:50,9,60,
DOW-02151,SFT-01439,M304,18:20,18:35,9,15,
DOW-02152,SFT-01440,M305,17:49,18:34,3,45,
DOW-02153,SFT-01440,M305,15:01,15:21,14,20,
DOW-02154,SFT-01440,M305,16:59,17:04,3,5,
DOW-02155,SFT-01441,M101,02:52,03:52,15,60,
DOW-02156,SFT-01441,M101,01:37,02:22,2,45,
DOW-02157,SFT-01441,M101,03:37,03:47,5,10,
DOW-02158,SFT-01442,M102,04:49,04:59,2,10,
DOW-02159,SFT-01443,M103,02:38,03:23,13,45,
DOW-02160,SFT-01443,M103,01:07,02:07,9,60,
DOW-02161,SFT-01443,M103,02:57,03:27,14,30,
DOW-02162,SFT-01444,M104,02:14,02:34,11,20,
DOW-02163,SFT-01448,M201,22:47,23:02,15,15,
DOW-02164,SFT-01448,M201,04:44,05:04,12,20,
DOW-02165,SFT-01449,M202,22:27,23:27,7,60,
DOW-02166,SFT-01449,M202,03:28,04:13,14,45,
DOW-02167,SFT-01450,M203,03:01,03:11,8,10,
DOW-02168,SFT-01452,M205,22:08,22:28,13,20,
DOW-02169,SFT-01453,M206,04:39,04:54,2,15,
DOW-02170,SFT-01453,M206,03:51,04:01,3,10,
DOW-02171,SFT-01454,M301,22:26,22:36,6,10,
DOW-02172,SFT-01454,M301,00:22,00:32,11,10,
DOW-02173,SFT-01454,M301,00:45,00:55,4,10,
DOW-02174,SFT-01457,M304,23:01,23:21,11,20,
DOW-02175,SFT-01458,M305,01:43,01:53,1,10,
DOW-02176,SFT-01458,M305,01:50,02:35,10,45,
DOW-02177,SFT-01458,M305,23:23,00:08,7,45,
DOW-02178,SFT-01459,M101,12:05,12:20,7,15,
DOW-02179,SFT-01461,M103,10:11,11:11,12,60,
DOW-02180,SFT-01462,M104,07:35,07:45,10,10,
DOW-02181,SFT-01462,M104,08:27,08:32,11,5,
DOW-02182,SFT-01463,M105,06:06,06:36,15,30,
DOW-02183,SFT-01463,M105,08:48,09:08,13,20,
DOW-02184,SFT-01464,M106,07:39,08:09,6,30,
DOW-02185,SFT-01464,M106,08:51,09:51,14,60,
DOW-02186,SFT-01464,M106,11:54,12:39,3,45,
DOW-02187,SFT-01465,M107,08:36,08:56,9,20,
DOW-02188,SFT-01465,M107,09:16,09:31,6,15,
DOW-02189,SFT-01466,M201,08:40,09:10,8,30,
DOW-02190,SFT-01466,M201,09:23,09:53,3,30,
DOW-02191,SFT-01466,M201,06:54,07:14,1,20,
DOW-02192,SFT-01467,M202,11:11,11:41,13,30,
DOW-02193,SFT-01467,M202,10:32,10:52,9,20,
DOW-02194,SFT-01467,M202,08:44,08:59,15,15,
DOW-02195,SFT-01468,M203,12:30,13:15,8,45,
DOW-02196,SFT-01468,M203,12:15,12:20,13,5,
DOW-02197,SFT-01468,M203,08:24,08:44,1,20,
DOW-02198,SFT-01469,M204,08:21,08:41,15,20,
DOW-02199,SFT-01469,M204,09:17,10:02,4,45,
DOW-02200,SFT-01470,M205,07:50,08:50,14,60,
DOW-02201,SFT-01470,M205,08:27,08:37,12,10,
DOW-02202,SFT-01470,M205,09:59,10:29,3,30,
DOW-02203,SFT-01471,M206,12:55,13:40,9,45,
DOW-02204,SFT-01472,M301,12:58,13:28,9,30,
DOW-02205,SFT-01474,M303,09:44,10:04,2,20,
DOW-02206,SFT-01476,M305,08:23,08:38,2,15,
DOW-02207,SFT-01476,M305,11:31,12:01,7,30,
DOW-02208,SFT-01476,M305,09:38,09:53,4,15,
DOW-02209,SFT-01479,M103,18:59,19:19,7,20,
DOW-02210,SFT-01479,M103,18:11,18:26,7,15,
DOW-02211,SFT-01479,M103,15:45,15:50,14,5,
DOW-02212,SFT-01480,M104,17:31,17:51,8,20,
DOW-02213,SFT-01480,M104,17:39,18:09,4,30,
DOW-02214,SFT-01480,M104,20:46,21:16,4,30,
DOW-02215,SFT-01481,M105,20:07,20:17,14,10,
DOW-02216,SFT-01481,M105,19:38,19:53,1,15,
DOW-02217,SFT-01481,M105,20:43,20:53,15,10,
DOW-02218,SFT-01482,M106,16:05,16:25,9,20,
DOW-02219,SFT-01482,M106,18:40,18:45,6,5,
DOW-02220,SFT-01482,M106,18:00,18:10,12,10,
DOW-02221,SFT-01483,M107,18:39,18:49,7,10,
DOW-02222,SFT-01483,M107,16:59,17:04,5,5,
DOW-02223,SFT-01484,M201,17:59,18:29,4,30,
DOW-02224,SFT-01484,M201,17:34,18:04,10,30,
DOW-02225,SFT-01485,M202,15:30,15:50,12,20,
DOW-02226,SFT-01485,M202,14:56,15:16,14,20,
DOW-02227,SFT-01486,M203,19:31,20:16,9,45,
DOW-02228,SFT-01487,M204,19:44,19:59,14,15,
DOW-02229,SFT-01490,M301,16:54,17:54,13,60,
DOW-02230,SFT-01491,M302,17:46,17:51,7,5,
DOW-02231,SFT-01491,M302,17:31,17:51,1,20,
DOW-02232,SFT-01491,M302,17:28,17:33,4,5,
DOW-02233,SFT-01492,M303,19:05,19:15,4,10,
DOW-02234,SFT-01492,M303,16:18,16:28,4,10,
DOW-02235,SFT-01492,M303,20:18,20:23,14,5,
DOW-02236,SFT-01493,M304,18:55,19:55,8,60,
DOW-02237,SFT-01493,M304,20:06,20:36,9,30,
DOW-02238,SFT-01494,M305,17:51,18:51,14,60,
DOW-02239,SFT-01494,M305,18:40,18:45,5,5,
DOW-02240,SFT-01494,M305,18:01,18:21,1,20,
DOW-02241,SFT-01496,M102,23:31,00:16,7,45,
DOW-02242,SFT-01497,M103,00:33,00:43,12,10,
DOW-02243,SFT-01498,M104,00:18,01:03,3,45,
DOW-02244,SFT-01499,M105,03:10,03:30,5,20,
DOW-02245,SFT-01499,M105,03:05,03:20,6,15,
DOW-02246,SFT-01499,M105,00:58,01:28,10,30,
DOW-02247,SFT-01500,M106,22:16,22:31,6,15,
DOW-02248,SFT-01500,M106,01:55,02:00,2,5,
DOW-02249,SFT-01500,M106,23:38,00:23,13,45,
DOW-02250,SFT-01501,M107,04:49,04:54,6,5,
DOW-02251,SFT-01503,M202,23:50,00:00,6,10,
DOW-02252,SFT-01504,M203,22:06,22:16,13,10,
DOW-02253,SFT-01504,M203,23:02,00:02,13,60,
DOW-02254,SFT-01506,M205,22:42,23:42,7,60,
DOW-02255,SFT-01506,M205,00:53,01:53,12,60,
DOW-02256,SFT-01508,M301,01:13,01:58,15,45,
DOW-02257,SFT-01508,M301,04:20,04:40,11,20,
DOW-02258,SFT-01509,M302,01:03,02:03,10,60,
DOW-02259,SFT-01509,M302,03:03,03:33,8,30,
DOW-02260,SFT-01511,M304,01:33,02:03,5,30,
DOW-02261,SFT-01514,M102,07:36,08:06,7,30,
DOW-02262,SFT-01514,M102,08:50,09:10,14,20,
DOW-02263,SFT-01515,M103,08:41,09:11,9,30,
DOW-02264,SFT-01516,M104,07:14,07:24,4,10,
DOW-02265,SFT-01516,M104,07:30,08:15,13,45,
DOW-02266,SFT-01516,M104,06:51,07:36,7,45,
DOW-02267,SFT-01517,M105,07:45,08:30,3,45,
DOW-02268,SFT-01517,M105,11:47,11:52,13,5,
DOW-02269,SFT-01517,M105,07:37,07:57,13,20,
DOW-02270,SFT-01518,M106,07:19,07:24,14,5,
DOW-02271,SFT-01518,M106,10:03,10:18,2,15,
DOW-02272,SFT-01520,M201,06:37,06:52,1,15,
DOW-02273,SFT-01520,M201,07:45,08:15,6,30,
DOW-02274,SFT-01521,M202,09:59,10:19,12,20,
DOW-02275,SFT-01521,M202,09:30,10:30,13,60,
DOW-02276,SFT-01523,M204,08:56,09:56,13,60,
DOW-02277,SFT-01523,M204,10:58,11:58,7,60,
DOW-02278,SFT-01523,M204,09:28,09:38,14,10,
DOW-02279,SFT-01524,M205,08:40,08:50,1,10,
DOW-02280,SFT-01524,M205,11:30,12:00,9,30,
DOW-02281,SFT-01524,M205,12:30,12:45,7,15,
DOW-02282,SFT-01525,M206,06:20,07:05,6,45,
DOW-02283,SFT-01525,M206,10:21,11:21,3,60,
DOW-02284,SFT-01525,M206,07:08,07:38,12,30,
DOW-02285,SFT-01527,M302,09:08,09:38,5,30,
DOW-02286,SFT-01527,M302,12:22,13:22,11,60,
DOW-02287,SFT-01527,M302,11:37,12:07,12,30,
DOW-02288,SFT-01528,M303,07:17,08:17,12,60,
DOW-02289,SFT-01528,M303,06:59,07:44,14,45,
DOW-02290,SFT-01529,M304,11:00,11:20,5,20,
DOW-02291,SFT-01530,M305,11:32,12:02,4,30,
DOW-02292,SFT-01530,M305,10:22,10:27,15,5,
DOW-02293,SFT-01531,M101,20:57,21:12,10,15,
DOW-02294,SFT-01532,M102,15:54,16:09,11,15,
DOW-02295,SFT-01532,M102,14:34,14:54,7,20,
DOW-02296,SFT-01533,M103,14:53,15:23,11,30,
DOW-02297,SFT-01534,M104,16:16,16:31,15,15,
DOW-02298,SFT-01534,M104,16:52,17:12,12,20,
DOW-02299,SFT-01534,M104,17:26,17:56,15,30,
DOW-02300,SFT-01535,M105,20:15,20:20,6,5,
DOW-02301,SFT-01535,M105,18:00,19:00,13,60,
DOW-02302,SFT-01535,M105,14:51,15:21,12,30,
DOW-02303,SFT-01536,M106,19:18,19:23,3,5,
DOW-02304,SFT-01537,M107,20:24,20:44,13,20,
DOW-02305,SFT-01537,M107,20:54,21:54,15,60,
DOW-02306,SFT-01537,M107,14:36,14:46,1,10,
DOW-02307,SFT-01538,M201,18:00,18:30,8,30,
DOW-02308,SFT-01540,M203,14:11,14:41,12,30,
DOW-02309,SFT-01540,M203,20:44,20:54,2,10,
DOW-02310,SFT-01541,M204,17:43,18:28,4,45,
DOW-02311,SFT-01541,M204,15:54,16:14,9,20,
DOW-02312,SFT-01542,M205,19:53,20:13,11,20,
DOW-02313,SFT-01546,M303,17:28,17:43,9,15,
DOW-02314,SFT-01547,M304,18:00,18:45,1,45,
DOW-02315,SFT-01548,M305,20:18,20:23,3,5,
DOW-02316,SFT-01550,M102,03:45,04:05,7,20,
DOW-02317,SFT-01550,M102,02:35,02:40,13,5,
DOW-02318,SFT-01550,M102,02:59,03:44,14,45,
DOW-02319,SFT-01551,M103,01:06,01:21,1,15,
DOW-02320,SFT-01552,M104,02:35,03:20,10,45,
DOW-02321,SFT-01552,M104,23:04,00:04,7,60,
DOW-02322,SFT-01552,M104,00:41,01:01,15,20,
DOW-02323,SFT-01553,M105,23:04,23:49,11,45,
DOW-02324,SFT-01554,M106,23:45,23:50,10,5,
DOW-02325,SFT-01554,M106,03:57,04:27,15,30,
DOW-02326,SFT-01555,M107,04:22,04:52,11,30,
DOW-02327,SFT-01555,M107,03:51,04:36,13,45,
DOW-02328,SFT-01556,M201,01:44,01:59,10,15,
DOW-02329,SFT-01556,M201,03:01,03:21,13,20,
DOW-02330,SFT-01557,M202,22:22,23:07,2,45,
DOW-02331,SFT-01557,M202,22:55,23:00,4,5,
DOW-02332,SFT-01558,M203,23:33,00:03,8,30,
DOW-02333,SFT-01559,M204,02:56,03:56,4,60,
DOW-02334,SFT-01559,M204,02:02,02:12,14,10,
DOW-02335,SFT-01559,M204,00:07,01:07,11,60,
DOW-02336,SFT-01560,M205,04:27,04:57,3,30,
DOW-02337,SFT-01561,M206,23:13,23:33,4,20,
DOW-02338,SFT-01561,M206,22:00,23:00,8,60,
DOW-02339,SFT-01561,M206,03:53,04:38,12,45,
DOW-02340,SFT-01563,M302,02:23,03:08,5,45,
DOW-02341,SFT-01563,M302,01:15,02:00,14,45,
DOW-02342,SFT-01563,M302,01:29,01:34,5,5,
DOW-02343,SFT-01567,M101,07:41,07:56,13,15,
DOW-02344,SFT-01567,M101,06:22,06:42,6,20,
DOW-02345,SFT-01567,M101,09:18,10:18,1,60,
DOW-02346,SFT-01568,M102,11:28,12:13,9,45,
DOW-02347,SFT-01569,M103,08:29,08:34,15,5,
DOW-02348,SFT-01569,M103,06:53,07:03,15,10,
DOW-02349,SFT-01570,M104,12:04,12:24,4,20,
DOW-02350,SFT-01572,M106,10:35,10:55,14,20,
DOW-02351,SFT-01574,M201,09:40,10:40,13,60,
DOW-02352,SFT-01574,M201,09:02,09:32,2,30,
DOW-02353,SFT-01576,M203,11:42,11:52,12,10,
DOW-02354,SFT-01576,M203,12:31,13:31,14,60,
DOW-02355,SFT-01576,M203,06:45,07:45,4,60,
DOW-02356,SFT-01577,M204,11:56,12:26,15,30,
DOW-02357,SFT-01578,M205,10:02,11:02,11,60,
DOW-02358,SFT-01579,M206,07:34,08:19,12,45,
DOW-02359,SFT-01580,M301,11:37,11:47,2,10,
DOW-02360,SFT-01581,M302,06:27,06:37,1,10,
DOW-02361,SFT-01581,M302,09:24,10:24,14,60,
DOW-02362,SFT-01581,M302,07:19,08:19,12,60,
DOW-02363,SFT-01582,M303,12:12,12:42,13,30,
DOW-02364,SFT-01583,M304,09:41,09:56,10,15,
DOW-02365,SFT-01583,M304,09:39,09:54,7,15,
DOW-02366,SFT-01583,M304,12:32,12:42,15,10,
DOW-02367,SFT-01584,M305,08:00,08:45,3,45,
DOW-02368,SFT-01584,M305,11:06,11:26,4,20,
DOW-02369,SFT-01586,M102,17:23,17:33,6,10,
DOW-02370,SFT-01586,M102,18:35,19:35,9,60,
DOW-02371,SFT-01586,M102,14:40,14:55,14,15,
DOW-02372,SFT-01587,M103,15:24,15:34,2,10,
DOW-02373,SFT-01587,M103,15:59,16:59,8,60,
DOW-02374,SFT-01587,M103,20:40,21:40,10,60,
DOW-02375,SFT-01589,M105,17:34,17:39,15,5,
DOW-02376,SFT-01589,M105,18:48,19:18,9,30,
DOW-02377,SFT-01589,M105,19:36,20:06,10,30,
DOW-02378,SFT-01591,M107,20:22,20:52,6,30,
DOW-02379,SFT-01591,M107,15:28,15:33,14,5,
DOW-02380,SFT-01591,M107,14:41,15:41,3,60,
DOW-02381,SFT-01593,M202,19:32,20:17,4,45,
DOW-02382,SFT-01593,M202,17:54,18:24,12,30,
DOW-02383,SFT-01593,M202,20:03,21:03,5,60,
DOW-02384,SFT-01594,M203,16:54,17:14,8,20,
DOW-02385,SFT-01594,M203,14:36,14:56,2,20,
DOW-02386,SFT-01594,M203,15:02,15:22,5,20,
DOW-02387,SFT-01596,M205,14:10,14:40,13,30,
DOW-02388,SFT-01596,M205,17:16,18:16,10,60,
DOW-02389,SFT-01596,M205,15:48,16:18,4,30,
DOW-02390,SFT-01597,M206,16:17,16:22,13,5,
DOW-02391,SFT-01597,M206,18:34,18:49,14,15,
DOW-02392,SFT-01597,M206,16:16,16:26,15,10,
DOW-02393,SFT-01598,M301,19:37,20:07,6,30,
DOW-02394,SFT-01598,M301,16:11,17:11,1,60,
DOW-02395,SFT-01600,M303,14:38,14:53,9,15,
DOW-02396,SFT-01600,M303,17:34,18:19,5,45,
DOW-02397,SFT-01600,M303,15:39,16:24,9,45,
DOW-02398,SFT-01602,M305,16:56,17:26,13,30,
DOW-02399,SFT-01602,M305,17:08,17:13,3,5,
DOW-02400,SFT-01602,M305,20:09,20:54,15,45,
DOW-02401,SFT-01603,M101,03:14,03:34,10,20,
DOW-02402,SFT-01603,M101,22:09,22:54,3,45,
DOW-02403,SFT-01604,M102,02:47,02:52,12,5,
DOW-02404,SFT-01604,M102,01:59,02:29,15,30,
DOW-02405,SFT-01606,M104,02:03,02:13,12,10,
DOW-02406,SFT-01607,M105,01:58,02:43,7,45,
DOW-02407,SFT-01607,M105,01:02,02:02,12,60,
DOW-02408,SFT-01609,M107,22:39,23:39,6,60,
DOW-02409,SFT-01609,M107,01:45,02:15,3,30,
DOW-02410,SFT-01610,M201,01:54,02:39,8,45,
DOW-02411,SFT-01610,M201,04:17,04:27,11,10,
DOW-02412,SFT-01610,M201,01:56,02:01,6,5,
DOW-02413,SFT-01611,M202,01:03,01:48,8,45,
DOW-02414,SFT-01612,M203,00:08,00:38,1,30,
DOW-02415,SFT-01612,M203,23:37,23:57,1,20,
DOW-02416,SFT-01612,M203,04:34,04:44,8,10,
DOW-02417,SFT-01613,M204,02:10,02:30,4,20,
DOW-02418,SFT-01613,M204,03:08,03:18,15,10,
DOW-02419,SFT-01614,M205,04:56,05:06,14,10,
DOW-02420,SFT-01614,M205,01:54,02:09,8,15,
DOW-02421,SFT-01614,M205,01:41,02:26,1,45,
DOW-02422,SFT-01615,M206,00:08,00:53,3,45,
DOW-02423,SFT-01615,M206,04:31,04:51,9,20,
DOW-02424,SFT-01616,M301,04:02,04:22,13,20,
DOW-02425,SFT-01616,M301,22:22,22:42,15,20,
DOW-02426,SFT-01617,M302,03:17,03:47,3,30,
DOW-02427,SFT-01617,M302,02:45,03:15,12,30,
DOW-02428,SFT-01617,M302,00:05,00:20,3,15,
DOW-02429,SFT-01618,M303,04:36,05:06,9,30,
DOW-02430,SFT-01618,M303,00:16,00:26,2,10,
DOW-02431,SFT-01619,M304,00:55,01:00,11,5,
DOW-02432,SFT-01619,M304,04:32,04:52,9,20,
